1	509.979166667
10	467.026666667
100	487.650943396
1000	454.263888889
1001	503.266666667
1003	467.816901408
1004	444.698412698
1005	430.421052632
1008	392.36
1009	538.48
101	441.217391304
1010	516.685185185
1013	399.346153846
1014	432.854545455
1017	488.745098039
1018	401.75
102	463.447368421
1021	570.272727273
1022	472.520833333
1024	488.032967033
1025	858.0
1026	547.787878788
1027	456.333333333
1028	517.818181818
1029	462.602564103
103	341.5
1030	442.394736842
1031	466.733333333
1032	430.744680851
1033	497.6
1036	492.55
1038	437.205882353
1039	489.857142857
104	477.2
1040	488.72972973
1041	457.5
1042	449.714285714
1043	552.288135593
1044	509.917431193
1045	327.0
1047	462.507936508
1048	465.955752212
1049	501.574468085
105	434.209302326
1050	456.4
1052	478.223684211
1053	689.4
1054	480.859375
1055	464.704545455
1056	503.52173913
1057	352.333333333
1058	621.875
1059	511.862745098
106	468.234567901
1060	466.538461538
1064	408.410714286
1065	431.264705882
1066	494.833333333
1067	497.657534247
1068	414.944444444
1069	377.0625
1070	380.75
1071	441.815384615
1072	435.327868852
1073	424.5
1074	609.2
1075	424.82
1076	454.121212121
1077	295.0
1078	472.488095238
108	510.9875
1080	399.448275862
1081	507.204545455
1082	329.0
1083	449.114754098
1085	419.314285714
1086	486.839285714
1088	394.438596491
1089	597.0
109	497.8125
1090	457.970149254
1091	427.840909091
1093	553.24
1094	446.597402597
1095	410.490196078
1096	498.434782609
1097	415.387755102
1098	444.828571429
1099	560.0
11	282.857142857
110	619.272727273
1100	470.380952381
1101	432.727272727
1102	471.040816327
1104	456.985915493
1105	335.333333333
1106	621.5
1107	429.398058252
1108	439.528571429
1109	434.0
111	517.08
1111	392.975
1112	375.0
1113	426.051724138
1114	479.069767442
1115	428.96
1116	514.571428571
1117	606.333333333
1119	519.795454545
112	368.576923077
1120	687.5
1122	416.765306122
1123	460.625
1124	425.097560976
1125	513.75
1127	467.285714286
1128	503.867256637
1129	479.745762712
1130	486.571428571
1131	511.070422535
1132	424.76
1133	472.537142857
1134	476.442307692
1136	435.05952381
1137	413.857142857
1139	398.807017544
1140	440.329113924
1142	397.69047619
1143	532.363636364
1144	419.070175439
1145	512.0
1146	512.4
1147	456.0
1148	448.48
1150	475.757142857
1151	524.695121951
1152	444.388888889
1153	442.428571429
1154	507.852941176
1155	501.893939394
1156	495.666666667
1157	551.225806452
1158	492.394736842
1159	504.923076923
116	501.310344828
1160	410.15
1161	476.41509434
1162	404.533333333
1163	490.862068966
1164	445.965517241
1165	538.625
1166	502.119047619
1167	463.040540541
1168	427.1
1169	508.253164557
117	605.785714286
1171	472.947368421
1172	466.566037736
1173	457.0
1174	545.8
1175	438.837837838
1176	433.980769231
1177	470.352941176
1178	549.615384615
1179	461.967741935
1180	363.888888889
1181	453.898550725
1183	482.333333333
1184	498.264150943
1185	510.583333333
1186	430.119565217
1187	539.952380952
1188	496.764705882
1190	408.428571429
1191	473.85106383
1192	546.933333333
1193	613.347826087
1194	500.475
1195	460.708333333
1196	483.166666667
1197	488.212121212
1198	483.756756757
12	526.918918919
1200	466.333333333
1202	458.825396825
1203	530.222222222
1204	629.0
1205	474.9
1208	663.0
1209	445.339622642
121	571.923076923
1210	458.028571429
1211	464.984375
1212	424.829787234
1213	445.418181818
1214	578.0
1215	451.166666667
1216	581.4
1217	421.642857143
1218	421.5
1219	629.0
122	511.170212766
1221	487.568965517
1222	579.470588235
1225	656.0
1226	470.5
1227	412.333333333
1228	446.182926829
1229	513.681818182
1230	514.117647059
1231	426.12371134
1232	435.744186047
1233	503.992424242
1234	581.928571429
1237	467.389830508
1238	415.787878788
1239	469.25984252
124	463.966292135
1240	350.0
1241	490.156862745
1242	324.2
1243	213.5
1244	593.5
1245	491.573913043
1246	502.868852459
1248	512.948717949
125	100.0
1250	513.803921569
1253	499.927536232
1254	467.4
1255	497.810457516
1256	481.735294118
1258	482.926315789
1259	368.0
126	361.0
1260	514.722222222
1261	886.5
1262	511.8
1263	509.826446281
1264	520.846153846
1265	422.194444444
1266	423.710526316
1267	497.931034483
1268	520.333333333
127	438.194444444
1270	505.071428571
1271	525.59375
1272	462.410958904
1273	493.914285714
1274	511.357142857
1275	566.2
1276	466.212121212
1277	494.843478261
1279	478.274193548
128	461.186046512
1280	444.72
1281	437.137254902
1282	474.873684211
1283	477.342105263
1284	480.235294118
1287	539.2
1288	472.0
1289	465.133333333
1290	477.520958084
1291	394.830985915
1292	430.821705426
1293	547.857142857
1295	414.5
1296	550.166666667
1297	464.196969697
1298	479.96875
1299	616.5
13	500.76744186
130	491.135338346
1302	502.359375
1303	457.186666667
1304	482.966292135
1305	519.706896552
1306	517.53125
1308	459.603773585
1309	458.2
1310	618.5
1311	407.2
1312	490.717948718
1313	475.191919192
1314	475.612244898
1315	484.151162791
1316	494.253521127
1317	472.296296296
1319	447.992957746
1321	576.2
1322	482.246753247
1323	502.306122449
1325	456.775862069
1327	631.5
1329	446.661538462
133	487.375
1330	500.581395349
1331	469.741935484
1332	427.0
1333	426.5
1334	606.142857143
1335	405.0
1336	503.754285714
1337	452.106382979
1338	474.655737705
134	501.024390244
1341	485.058823529
1342	462.14516129
1343	332.529411765
1344	502.538461538
1345	447.125
1346	471.947368421
1347	444.5
1348	461.052631579
1349	373.5
1350	513.0
1351	503.128205128
1352	478.231884058
1354	274.5
1355	450.802325581
1356	476.516483516
1357	526.0
1358	639.0
1359	483.136094675
136	576.555555556
1360	472.624
1361	500.777777778
1362	474.06557377
1363	477.396226415
1364	520.555555556
1366	481.050847458
1368	509.96
1369	537.407407407
137	498.5
1370	479.689189189
1372	607.0
1373	686.0
1374	386.0
1376	456.446808511
1378	433.4
1379	525.285714286
138	613.666666667
1381	516.641791045
1382	493.818181818
1383	465.927536232
1384	484.5
1385	498.222222222
1386	514.5625
1388	451.290909091
1389	515.661538462
1390	73.0
1391	427.529411765
1394	496.407407407
1395	468.909090909
1396	436.586206897
1397	459.75
1398	387.533333333
1399	443.020833333
14	447.894736842
140	461.298969072
1400	412.588235294
1401	495.192307692
1402	521.943661972
1403	529.461538462
1404	489.246753247
1406	422.0
1407	497.142857143
1409	532.733333333
141	412.181818182
1410	461.486842105
1412	519.924050633
1413	439.820224719
1414	672.6
1415	452.409090909
1416	400.898550725
1417	493.0
1418	564.145454545
1419	491.935064935
142	434.377777778
1420	484.444444444
1421	419.571428571
1422	418.837837838
1423	471.059701493
1424	488.0
1425	481.052631579
1426	484.416666667
1427	641.75
1428	503.5
1429	415.588235294
143	227.75
1430	476.310344828
1431	430.0
1432	518.487804878
1433	549.857142857
1434	508.6
1435	466.6
1438	528.597222222
144	547.152380952
1440	433.821428571
1441	701.857142857
1443	444.8
1445	476.466165414
1447	467.223021583
1448	458.204301075
145	464.893617021
1450	489.689655172
1452	499.324324324
1453	491.398230088
1454	519.840909091
1455	468.575
1458	465.583333333
146	423.75
1460	398.296703297
1462	522.633333333
1463	517.844444444
1464	596.75
1465	416.6
1466	405.6875
1468	451.947368421
1469	461.955555556
147	511.277108434
1470	409.0
1472	394.659090909
1473	412.9
1474	448.454054054
1475	449.615384615
1476	446.119402985
1478	458.666666667
1479	502.0
148	444.759259259
1480	531.789473684
1482	462.782051282
1483	465.340909091
1484	457.142857143
1485	451.4375
1486	451.711538462
1487	609.8
1488	413.23255814
149	447.2
1491	392.916666667
1492	485.053571429
1493	445.159090909
1494	493.676470588
1495	447.649484536
1496	536.409836066
1497	507.192307692
150	435.567567568
1500	541.692307692
1501	468.0
1503	417.961538462
1504	456.807692308
1505	477.666666667
1506	293.333333333
1508	309.5
1509	431.315789474
151	451.105263158
1510	889.0
1511	486.553571429
1512	449.301369863
1513	440.804347826
1514	456.75
1515	422.0
1517	431.636363636
1518	439.247058824
1519	541.222222222
152	468.681818182
1520	535.357142857
1521	461.292929293
1522	450.24137931
1523	458.068627451
1524	516.2
1525	467.820512821
1526	513.516666667
1527	438.945454545
1528	486.0
1529	745.0
153	313.5
1530	428.315789474
1531	452.903225806
1533	375.851851852
1534	490.073529412
1535	629.75
1536	493.931034483
1537	432.333333333
1538	507.928571429
1539	462.263157895
154	434.31147541
1540	485.488888889
1541	421.180722892
1542	397.590909091
1543	503.824561404
1544	466.5
1545	417.051282051
1546	445.428571429
1547	493.605263158
155	325.615384615
1550	484.142857143
1553	472.405405405
1554	481.934782609
1555	472.97826087
1556	697.142857143
1557	510.814814815
1558	603.842105263
1559	463.896907216
156	431.833333333
1561	351.0
1562	468.014492754
1563	643.9
1564	482.112903226
1565	559.0
1566	454.7
1568	452.674698795
1569	453.1
157	461.5
1570	339.090909091
1571	314.857142857
1572	431.2
1573	538.225352113
1574	458.4
1575	313.6
1577	472.04
1579	402.285714286
158	473.818965517
1580	457.955555556
1581	508.763157895
1582	439.172839506
1585	479.633663366
1586	494.181818182
1587	392.181818182
1588	465.364864865
159	340.666666667
1590	577.25
1591	591.666666667
1592	464.071428571
1593	564.8
1594	475.2
1595	551.263157895
1596	449.983050847
1597	452.217391304
1598	475.136842105
1599	402.4375
1600	575.333333333
1601	449.494382022
1602	509.254901961
1603	769.8
1604	375.333333333
1605	352.0
1606	446.818181818
1607	443.271523179
1608	511.8
1609	454.564814815
161	366.866666667
1611	528.814814815
1612	444.842105263
1613	495.459016393
1614	419.78125
1615	350.0
1616	457.755555556
1617	499.357142857
1618	494.622641509
1619	460.988505747
162	519.55
1621	477.367346939
1622	417.739130435
1623	467.552238806
1624	484.3
1625	464.384615385
1627	468.318181818
1628	434.027027027
1629	436.904761905
163	446.27027027
1630	352.571428571
1631	441.095238095
1632	489.714285714
1633	506.082474227
1635	486.636363636
1636	396.5
1637	409.825
1638	634.0
1639	403.714285714
164	471.617977528
1641	514.388888889
1642	432.666666667
1643	504.333333333
1644	410.0
1645	363.666666667
1646	407.0
1647	470.875
1648	449.863636364
1649	489.461538462
1650	515.62
1651	477.923076923
1652	464.351351351
1653	500.0
1654	454.780487805
1655	476.8
1656	479.833333333
1657	453.492307692
1658	510.2
1659	447.428571429
166	524.3125
1660	436.6
1662	439.343283582
1664	411.1
1665	473.635220126
1666	490.564102564
1667	497.288888889
1668	377.0
1669	426.85
1670	481.389830508
1671	415.106060606
1672	395.666666667
1673	579.9375
1674	391.697368421
1675	509.833333333
1676	545.927710843
1677	443.781818182
1678	381.815789474
1679	450.739583333
168	588.2
1680	421.272727273
1681	477.441176471
1682	480.460869565
1683	478.272727273
1684	469.28
1685	585.2
1686	458.137254902
1687	698.0
1688	460.897435897
169	459.797101449
1691	430.348314607
1692	514.012195122
1693	794.0
1694	483.8
1695	459.324324324
1696	528.025974026
1697	644.75
1698	657.5
1699	496.302325581
170	527.053191489
1700	510.951219512
1701	504.0
1702	418.427272727
1703	457.405940594
1704	412.7
1705	488.953488372
1706	430.496183206
1707	322.875
1708	438.821705426
1709	334.0
171	443.147727273
1710	479.505263158
1711	437.6
1712	471.666666667
1713	583.125
1714	510.810126582
1715	463.2
1716	457.897435897
1717	462.333333333
1718	437.394736842
172	430.627118644
1720	505.385964912
1721	583.2
1723	386.777777778
1724	912.0
1725	462.763157895
1726	529.653846154
1727	434.653846154
1729	585.571428571
173	510.935064935
1730	494.058823529
1731	436.714285714
1732	552.75
1733	473.727272727
1734	562.75
1735	466.794520548
1736	445.576923077
1738	950.0
174	458.393617021
1740	607.0
1741	437.793103448
1742	502.416666667
1743	484.351351351
1745	449.0
1746	468.214285714
1747	518.428571429
1748	443.275
1749	439.595238095
175	458.27826087
1750	442.333333333
1751	431.185714286
1752	452.351851852
1753	475.435897436
1754	483.672413793
1755	460.789473684
1756	484.728395062
1757	523.0
1758	540.526315789
1759	487.0
1760	418.75
1761	521.625
1762	475.594202899
1764	244.5
1765	432.567164179
1766	479.333333333
1768	516.214285714
1769	505.613333333
177	506.965517241
1770	629.666666667
1771	442.014705882
1772	427.942028986
1773	518.742857143
1774	485.607142857
1776	458.578947368
1778	441.22972973
1779	472.615384615
178	526.395348837
1780	502.721649485
1781	498.485981308
1782	512.1
1783	443.229885057
1784	513.428571429
1785	458.887323944
1786	314.5
1787	463.714285714
1788	426.070422535
1789	484.607843137
1790	439.640449438
1791	461.764705882
1792	510.083333333
1793	464.043478261
1794	512.323529412
1795	532.428571429
1796	477.346153846
1797	522.076923077
1798	507.423728814
180	411.125
1801	537.0
1802	460.185185185
1803	496.808219178
1804	490.730769231
1805	764.5
1806	532.916666667
1809	481.218543046
181	489.796296296
1812	501.363636364
1813	510.954198473
1814	479.646153846
1815	463.118181818
1816	438.1
1817	471.073170732
1818	284.0
1819	437.038461538
182	486.181818182
1820	319.083333333
1821	551.431818182
1822	477.177631579
1823	569.222222222
1824	438.833333333
1825	486.953488372
1826	467.731707317
1827	483.93902439
1828	524.222222222
1829	487.666666667
183	365.0
1830	403.488372093
1831	464.40625
1832	473.787234043
1833	486.72
1834	473.069767442
1835	418.178571429
1837	696.0
1838	233.5
1839	455.032608696
184	521.666666667
1840	489.615384615
1841	456.8125
1842	440.126760563
1843	509.314285714
1844	469.393939394
1845	484.448275862
1846	479.5
1849	684.0
185	493.646153846
1850	456.5
1851	473.196428571
1852	594.428571429
1853	442.19047619
1854	439.625
1856	381.704545455
1857	297.0
1858	462.909090909
1859	361.0
186	468.478873239
1860	425.777777778
1861	466.909090909
1862	485.595744681
1863	421.181818182
1864	470.148148148
1865	383.0
1866	455.576271186
1868	387.4
187	483.481012658
1870	496.066666667
1871	481.893203883
1872	468.764044944
1873	502.051282051
1874	494.342592593
1876	462.590909091
1877	868.333333333
1879	485.255639098
188	379.0
1880	407.0625
1882	533.333333333
1883	494.641509434
1884	351.666666667
1885	490.333333333
1886	533.272727273
1887	461.596774194
1888	406.547169811
1889	628.0
189	469.876923077
1890	518.455882353
1891	472.915492958
1893	450.979591837
1894	530.571428571
1895	604.2
1896	489.25
1897	437.271604938
1899	459.152941176
1900	489.915492958
1902	527.111111111
1903	400.088235294
1904	390.327272727
1905	426.767857143
1906	466.166666667
1907	477.577777778
1908	511.216666667
1909	397.897959184
1910	463.603448276
1911	518.4
1912	445.24
1913	376.5
1915	514.761904762
1916	444.484848485
1917	468.1
1918	505.975308642
1919	495.533980583
192	514.0
1920	514.155555556
1921	498.419354839
1922	390.4
1923	477.39
1924	492.273972603
1925	453.924369748
1926	375.25
1927	475.5625
1928	361.5
1929	481.870967742
193	473.012987013
1930	486.434210526
1931	497.0625
1932	440.848214286
1933	471.479166667
1934	449.614285714
1935	502.704545455
1936	516.875
1937	754.333333333
1938	456.436619718
1939	470.171875
194	775.0
1940	504.259259259
1941	454.068965517
1942	317.5
1943	411.70212766
1944	510.316666667
1945	489.635294118
1946	441.14084507
1948	466.0
1949	458.326086957
1951	476.0
1952	540.494252874
1953	535.714285714
1954	423.777777778
1955	509.75
1957	394.890909091
1958	461.595238095
1959	519.914893617
196	541.346666667
1961	452.096774194
1962	427.928571429
1963	303.0
1964	538.45
1965	464.253968254
1966	467.078431373
1967	445.813953488
1969	358.794117647
197	441.904761905
1971	426.205128205
1972	484.0
1973	442.458333333
1974	448.797101449
1975	432.388059701
1976	504.789473684
1977	493.458333333
198	503.282828283
1980	513.92
1981	486.28
1982	516.777777778
1983	469.454545455
1984	487.2
1985	390.2
1986	399.139534884
1987	456.670454545
1989	514.050847458
199	481.75
1992	701.75
1993	483.857142857
1994	462.777777778
1995	889.0
1996	472.534246575
1997	339.736842105
1998	456.445945946
1999	428.611111111
2	314.9
20	374.924242424
2000	674.4
2003	384.0
2004	496.434782609
2005	461.75
2006	527.857142857
2007	415.928571429
2009	437.363636364
201	513.625
2010	561.130434783
2011	475.69047619
2012	343.0
2013	405.702702703
2014	435.703125
2016	471.75
2017	536.363636364
2020	553.36
2021	411.666666667
2022	381.222222222
2023	591.0
2024	437.890410959
2025	498.333333333
2026	583.428571429
2027	443.333333333
2028	504.282828283
2029	423.078947368
203	496.135135135
2032	470.015625
2034	237.0
2036	448.558441558
2037	470.954545455
2039	509.525
204	498.285714286
2041	337.5
2042	503.823529412
2043	489.388888889
2045	453.951219512
2046	493.787878788
2048	446.333333333
205	445.848101266
2050	527.117647059
2051	454.203389831
2052	519.333333333
2053	467.164705882
2054	406.818181818
2055	419.66
2056	622.5
2057	367.0
2058	446.403508772
2060	459.226190476
2061	486.857142857
2062	422.4
2063	478.568627451
2064	521.555555556
2066	494.867924528
2069	490.092307692
207	506.672413793
2071	405.2
2072	478.5
2073	443.0
2074	450.902777778
2075	381.757575758
2076	544.8
2077	350.782608696
2078	361.09375
2079	532.375
2080	487.913043478
2082	481.255813953
2083	441.25
2084	528.703703704
2085	491.137931034
2087	456.024390244
2088	545.75
2089	413.774193548
209	475.4
2091	529.739130435
2093	506.034482759
2094	478.909090909
2095	424.467532468
2099	520.230769231
21	468.666666667
210	464.059405941
2100	471.837837838
2101	499.363636364
2102	460.4
2103	857.0
2104	385.9375
2105	465.144736842
2106	441.007142857
2108	476.236111111
2109	405.06557377
2111	626.0
2112	524.37254902
2113	398.428571429
2115	462.571428571
2116	458.585714286
2117	495.333333333
2118	430.044444444
2119	433.0
212	455.491525424
2120	477.0
2122	446.136363636
2123	499.346938776
2124	488.666666667
2125	549.590909091
2126	483.2
2127	438.40776699
2128	491.0625
2129	707.0
213	555.0
2130	489.166666667
2131	483.454545455
2132	439.25
2134	513.2
2135	512.366666667
2136	669.6
2137	492.163265306
2138	479.476190476
214	508.625
2140	459.717557252
2141	494.36
2142	448.484848485
2143	152.5
2144	451.25
2145	413.583333333
2146	505.435294118
2147	470.63
2148	593.5
2149	442.642857143
215	410.62745098
2150	469.629213483
2151	463.680555556
2152	433.317073171
2153	432.175
2154	403.5
2155	563.142857143
2157	743.0
2158	535.868852459
2159	474.866666667
216	448.925
2161	468.836734694
2162	459.409836066
2163	499.940298507
2164	472.872727273
2165	421.537037037
2166	449.47706422
2167	492.904255319
217	457.586666667
2170	489.875
2171	439.813559322
2172	491.391891892
2173	389.0
2174	465.023809524
2175	495.833333333
2176	458.0
2178	444.5625
2179	469.659090909
218	466.983050847
2180	480.1
2181	535.762711864
2182	494.0
2183	462.637931034
2185	364.0
2189	451.866141732
2190	442.650793651
2191	465.52173913
2193	460.966666667
2194	330.333333333
2195	472.151162791
2196	475.955223881
2198	375.5
2199	480.430555556
22	501.25
220	486.509090909
2200	504.0
2203	401.125
2204	579.833333333
2205	475.0
2206	471.617647059
2207	520.523809524
2208	397.725
221	482.75
2211	451.15942029
2212	254.285714286
2213	443.753731343
2214	432.350877193
2215	514.833333333
2216	420.734693878
2217	269.777777778
2218	468.513157895
2219	406.0
222	469.4
2222	401.701492537
2223	493.461538462
2224	393.735294118
2225	334.526315789
2228	463.545454545
2229	612.65
2231	465.935483871
2232	373.647058824
2233	426.9375
2234	453.584615385
2236	470.901960784
2237	481.078431373
2238	401.655172414
2239	417.223684211
224	446.76344086
2240	451.87254902
2241	495.47
2242	728.75
2243	453.876190476
2244	437.529411765
2245	447.788990826
2246	499.3
2247	465.464788732
2248	281.5
2249	517.153846154
225	469.935483871
2250	512.4
2251	472.347222222
2252	523.028571429
2254	454.762711864
2255	446.983050847
2256	477.083333333
2257	478.828947368
2258	527.214285714
2259	476.865671642
226	508.229885057
2260	462.96969697
2261	402.561643836
2262	453.619047619
2263	402.0
2264	427.411764706
2265	305.0
2266	407.5
2267	442.738853503
2268	563.1
227	418.363636364
2270	470.918918919
2271	467.240740741
2272	439.285714286
2273	517.045454545
2274	269.5
2275	456.042857143
2276	398.0
2277	475.5
2278	494.888888889
2279	479.135135135
228	477.0
2280	453.233766234
2281	224.4
2282	509.597014925
2283	473.432624113
2284	442.090909091
2285	525.20952381
2286	467.473684211
2287	425.977011494
2288	507.845070423
2289	433.981132075
229	531.5
2290	418.055555556
2291	493.094117647
2292	431.742857143
2295	493.981481481
2296	502.140350877
2298	495.25
2299	479.352941176
230	483.194444444
2300	503.225352113
2301	436.695652174
2302	491.965517241
2303	172.0
2304	465.096153846
2306	507.964705882
2308	458.736842105
2309	610.428571429
231	488.785714286
2310	458.25
2311	520.379310345
2313	493.982608696
2315	566.466666667
2316	516.25
2318	494.255555556
2319	537.0
232	616.444444444
2320	515.042857143
2321	413.494736842
2322	462.571428571
2324	519.825581395
2326	526.746478873
2328	401.5
2329	458.027777778
233	494.666666667
2330	506.231884058
2331	450.529411765
2332	490.225165563
2333	456.25
2334	459.590163934
2335	498.08
2336	420.755813953
2337	507.306122449
2338	914.0
2339	541.521126761
2340	415.5
2342	458.393617021
2343	485.35862069
2344	451.788461538
2345	338.235294118
2346	467.45
2347	577.0
2348	540.416666667
2349	470.304347826
235	420.285714286
2350	483.590909091
2351	223.5
2352	493.629213483
2353	352.333333333
2354	462.2
2356	432.666666667
2357	454.881578947
2358	459.519230769
236	484.445783133
2360	522.777777778
2361	440.6
2362	489.830985915
2363	486.0
2364	470.714285714
2365	471.646153846
2367	560.4375
2368	493.5
2369	529.869565217
237	452.521126761
2370	496.938271605
2371	454.933333333
2372	426.761904762
2373	526.581395349
2374	436.177419355
2375	473.666666667
2376	463.121495327
2377	513.777777778
2378	505.721518987
2379	497.277777778
238	391.5
2380	498.11971831
2381	386.0
2382	397.272727273
2383	159.0
2384	512.56
2385	584.0
2386	499.875
2387	504.778571429
2388	467.954545455
2389	420.75
239	518.846153846
2391	486.085714286
2392	515.878378378
2393	542.25
2394	463.877192982
2396	411.545454545
2397	488.694736842
24	466.716049383
240	473.871428571
2400	454.6
2401	444.057471264
2402	499.361111111
2403	459.703125
2404	378.117647059
2405	462.09375
2407	433.184615385
2409	465.477876106
241	500.585365854
2410	516.186046512
2411	456.0
2413	408.985294118
2416	466.137931034
2417	468.636363636
2418	484.0
2419	508.402173913
242	561.0
2420	704.0
2421	497.473684211
2422	409.098360656
2424	586.5
2426	471.055555556
2427	313.181818182
2428	449.636363636
2429	630.5
243	496.421052632
2430	491.666666667
2431	658.0
2432	492.219512195
2433	365.8
2434	474.833333333
2435	492.75
2436	485.833333333
2438	473.242424242
244	482.462365591
2440	304.0
2441	506.848214286
2443	447.395348837
2444	277.5
2446	519.041666667
2447	670.0
2448	631.5
2449	564.0
245	477.079470199
2450	419.2
2451	509.8
2452	232.0
2453	401.666666667
2454	481.906976744
2456	488.0625
2457	418.928571429
2458	489.590163934
2459	483.952380952
2460	505.307692308
2461	360.126984127
2462	432.266666667
2464	490.35
2465	502.25
2468	432.833333333
2470	487.776785714
2471	465.613636364
2472	453.184210526
2474	470.921052632
2475	323.333333333
2477	456.161904762
2478	503.338983051
2479	476.814159292
2480	445.959183673
2482	460.344827586
2484	465.136363636
2485	466.602739726
2486	356.375
2487	449.044117647
2488	483.983050847
249	417.794871795
2491	384.0
2492	533.666666667
2493	463.4
2494	453.883333333
2495	537.0
2496	450.206896552
2497	394.0
2498	393.909090909
25	394.0
250	493.638888889
2500	601.25
2503	626.5
2504	472.836065574
2505	483.230769231
2506	633.5
2507	481.706896552
2508	542.951807229
251	426.666666667
2510	467.0
2511	454.491525424
2512	444.403225806
2513	529.727272727
2514	484.133333333
2516	381.111111111
2517	438.466666667
2518	420.111111111
2519	371.25
252	491.279411765
2521	455.380952381
2522	478.547368421
2524	452.19047619
2525	501.285714286
2526	438.666666667
2527	430.631578947
2528	445.489361702
2529	445.696629213
253	475.173913043
2530	445.953488372
2531	622.111111111
2532	490.216666667
2533	472.6
2534	422.01754386
2535	476.0
2536	450.818181818
2537	439.576470588
2539	482.377358491
254	444.791044776
2540	435.572727273
2541	558.0
2543	509.5
2544	526.454545455
2545	437.128205128
2546	483.147058824
2548	438.546875
2549	474.225806452
255	473.6
2550	472.576923077
2551	541.2
2552	476.153846154
2553	409.957446809
2554	473.488888889
2555	480.387755102
2556	425.869565217
2557	499.785714286
2558	490.176470588
2559	294.25
256	486.138297872
2560	472.705882353
2561	468.539823009
2562	454.962962963
2563	521.927835052
2564	472.266129032
2565	418.432098765
2566	287.0
2567	478.743902439
2569	436.729166667
257	487.897959184
2570	483.084745763
2571	346.75
2572	440.875
2573	405.58490566
2574	508.875
2575	472.678571429
2576	491.466666667
2577	504.975
2579	407.835616438
258	447.616666667
2580	418.909090909
2581	506.536842105
2582	474.063829787
2584	474.926470588
2585	533.964285714
2586	544.195121951
2588	315.666666667
2589	480.540540541
259	453.15
2590	493.783333333
2591	491.461538462
2593	490.358024691
2596	446.811111111
2597	455.863636364
2599	478.387755102
26	537.157894737
2600	417.179487179
2604	474.963636364
2605	502.946236559
2606	462.793103448
2607	498.181818182
2608	462.710526316
2609	490.627906977
261	465.745454545
2610	320.333333333
2611	485.840909091
2612	515.666666667
2613	417.37037037
2614	473.028571429
2615	478.908108108
2616	490.666666667
2617	455.295081967
2619	447.342857143
262	477.774193548
2620	499.078431373
2622	451.259259259
2623	506.181818182
2624	502.206896552
2625	446.411764706
2626	493.4
2628	499.826086957
2629	444.807692308
263	479.913043478
2630	490.855345912
2631	448.348623853
2632	696.0
2633	419.514705882
2634	522.166666667
2635	538.052631579
2636	449.307086614
2637	472.587628866
2638	476.083333333
2639	469.583333333
264	457.708333333
2640	590.285714286
2641	531.306122449
2642	504.136363636
2643	445.283950617
2644	473.209302326
2645	463.615384615
2646	475.117117117
2647	420.612903226
2648	548.47826087
2649	478.76984127
265	472.396551724
2650	442.92920354
2651	488.540983607
2652	413.254237288
2653	493.283783784
2655	447.2
2656	474.093333333
2657	488.384615385
2658	369.0
2659	462.25
266	399.0
2660	351.53968254
2661	454.98
2662	480.793650794
2663	453.308270677
2664	531.947368421
2665	450.3
2667	468.857142857
2668	445.227272727
2669	451.933333333
267	439.929411765
2670	499.859504132
2671	444.178571429
2672	607.0
2674	518.127906977
2675	483.510638298
2676	465.353846154
2679	407.76056338
268	454.099099099
2680	431.5
2681	619.2
2683	383.0
2684	503.285714286
2685	565.7
2687	491.438202247
2688	500.4125
2689	441.651685393
2690	354.594594595
2691	536.1
2692	456.428571429
2693	704.0
2694	530.0
2695	446.590909091
2696	425.655737705
2697	485.159090909
2698	442.454545455
2699	539.081081081
27	361.2
270	462.382978723
2700	475.966666667
2702	545.379310345
2703	489.133333333
2704	480.090909091
2705	359.0
2706	443.078125
2707	422.03030303
2708	493.625
2709	436.487179487
271	529.092783505
2710	481.787037037
2712	427.6
2716	481.175438596
2717	457.169014085
2719	452.603448276
272	432.666666667
2720	437.32
2722	461.68
2723	503.0
2724	477.5625
2725	592.2
2726	466.930769231
2727	479.571428571
2728	428.72972973
2729	621.875
273	507.864864865
2731	442.435483871
2732	512.397058824
2733	471.419354839
2734	203.0
2735	420.016129032
2736	461.428571429
2737	433.373333333
2738	453.052631579
2739	487.828947368
274	418.886792453
2741	477.710526316
2744	925.0
2745	505.0
2746	527.154761905
2747	470.102272727
2748	498.595041322
2749	633.444444444
275	453.362318841
2750	540.620253165
2752	480.142857143
2753	471.5
2754	365.019607843
2755	504.354166667
2757	434.931506849
2758	431.076923077
276	580.6
2760	568.84
2761	493.0
2762	517.291139241
2763	513.761904762
2764	511.0
2765	502.791666667
2766	518.5
2767	378.571428571
2768	388.363636364
2769	460.875
277	363.125
2772	385.891304348
2773	538.12244898
2774	517.25
2775	394.868131868
2777	463.0
2778	475.520833333
2779	402.285714286
2780	381.3125
2781	448.970588235
2782	485.712328767
2783	458.866666667
2786	456.302631579
2787	472.733333333
2788	513.857142857
2789	459.705882353
2790	498.90625
2791	804.0
2792	469.253164557
2793	462.820512821
2794	496.8203125
2795	476.416666667
2796	410.307692308
2797	488.404761905
2798	466.744827586
2799	430.703703704
28	423.578947368
280	450.345454545
2800	511.615384615
2801	466.469387755
2802	484.047619048
2803	462.844155844
2804	460.895522388
2805	516.870967742
2806	465.2734375
2807	479.372093023
2808	494.058823529
2809	508.045977011
281	415.195121951
2810	444.357142857
2812	495.155844156
2814	425.119047619
2815	451.797297297
2816	585.272727273
2817	457.096774194
2818	533.555555556
2819	510.590909091
282	446.333333333
2821	469.172413793
2822	516.310344828
2823	429.585858586
2825	502.857142857
2827	616.428571429
2828	484.666666667
2829	457.947368421
2830	420.0
2831	480.432692308
2832	491.084745763
2833	487.294117647
2834	439.295081967
2837	459.417475728
2838	408.64516129
2839	463.042253521
284	466.714285714
2840	517.476190476
2842	494.951219512
2843	405.461538462
2844	380.333333333
2845	497.757575758
2846	504.971830986
2847	538.25
2848	491.380952381
2849	463.529411765
285	470.209677419
2850	458.166666667
2851	434.257142857
2852	485.64
2856	174.0
2858	459.238095238
2859	524.511111111
286	417.884615385
2860	506.901098901
2861	470.40625
2863	465.830985915
2864	413.786885246
2865	468.944954128
2866	488.163934426
2868	486.580808081
2869	437.24137931
287	573.222222222
2871	478.018867925
2872	583.288461538
2873	496.131578947
2874	473.056603774
2875	480.619047619
2876	501.28
2877	485.787401575
2878	399.071428571
2879	502.051282051
2880	456.97826087
2882	473.078431373
2884	538.40625
2885	497.805555556
2886	527.066666667
2887	363.5
2888	477.740384615
2889	601.0
289	462.682352941
2890	464.586206897
2891	600.0
2892	451.194444444
2894	443.172413793
2895	512.075471698
2896	436.46875
2898	499.444444444
2899	470.235294118
29	383.346153846
290	478.636363636
2901	522.393258427
2902	415.646153846
2904	611.0
2905	994.0
2906	465.783783784
2907	531.119565217
2908	323.0
2909	520.333333333
291	482.462686567
2910	475.279411765
2911	544.8125
2913	490.818791946
2914	490.2
2915	423.714285714
2916	444.538461538
2918	457.309859155
2919	338.5
292	447.469387755
2921	454.477272727
2922	469.387755102
2923	498.147540984
2924	488.233333333
2925	466.981818182
2926	503.916666667
2927	442.380952381
2928	336.25
2929	348.5
293	427.454545455
2930	378.461538462
2931	470.824324324
2933	440.963414634
2934	443.518518519
2937	482.981481481
2938	483.125
294	398.830769231
2940	423.803921569
2941	480.185483871
2942	507.777777778
2943	451.380952381
2945	516.706896552
2946	448.894736842
2947	479.534722222
2948	510.0
2949	440.706896552
295	432.873239437
2950	470.109090909
2952	464.037383178
2953	466.326530612
2955	448.3
2956	522.923076923
2957	418.4
2958	432.064516129
2959	429.153846154
296	452.8
2960	496.0
2961	569.5
2962	431.416666667
2963	436.411764706
2964	481.385245902
2965	513.14893617
2966	408.1
2967	497.554054054
2968	464.712643678
2969	384.8125
297	503.953642384
2970	522.275862069
2971	452.915254237
2972	473.970149254
2973	428.70212766
2974	424.3125
2975	585.444444444
2976	522.333333333
2977	618.0
2979	504.053571429
298	464.894736842
2980	452.315789474
2981	436.551724138
2983	465.894736842
2984	471.4375
2985	451.75
2986	502.814285714
2987	447.146341463
2988	496.4
299	491.788461538
2990	459.908450704
2991	534.256410256
2992	498.457831325
2993	420.705882353
3	442.714285714
300	474.916666667
3003	365.642857143
3013	438.492537313
3014	463.941176471
3015	469.672131148
3016	687.5
3017	521.0
3018	437.117647059
3019	496.40625
302	552.666666667
3020	561.769230769
3021	454.5
3022	483.753846154
3023	390.377777778
3024	446.976744186
3025	419.936170213
3026	504.279411765
3027	446.666666667
3028	350.264150943
3029	473.328571429
303	485.208955224
3030	446.536585366
3031	449.951612903
3032	419.5
3033	432.292307692
3035	425.8
3036	400.0
3037	425.14893617
3038	208.0
304	479.914893617
3043	264.0
3044	367.133333333
3045	401.25
3046	452.855855856
3047	422.831460674
3048	330.5
305	482.45
3054	430.882352941
306	325.0
3067	484.5
307	609.333333333
3076	457.247787611
3077	512.5
3078	493.142857143
3079	441.15625
3080	657.5
3082	497.617977528
3083	496.0
3084	516.269230769
3085	487.709090909
3087	424.533333333
3088	448.228571429
3089	279.75
3090	509.346153846
3091	415.5
3092	522.145454545
3093	449.44295302
3094	459.053846154
3095	423.910447761
3096	457.411764706
3097	478.133333333
3098	518.75
3099	461.211382114
31	468.484375
310	454.602739726
3100	493.03125
3101	473.765625
3102	566.5
3103	482.984615385
3104	451.903846154
3105	395.555555556
3106	506.82
3107	468.105263158
3108	474.671428571
3109	444.418604651
311	413.5
3110	481.12195122
3111	425.4
3112	520.55952381
3113	505.706666667
3114	492.745098039
3115	442.636363636
3116	465.414634146
3117	419.162790698
3118	504.666666667
312	451.0
3120	483.2
3121	478.234375
3123	456.968253968
3125	519.714285714
3126	427.135135135
3127	452.753623188
3128	503.970588235
3129	480.233766234
3131	449.960784314
3132	454.691588785
3133	459.887323944
3136	449.711538462
3137	417.866666667
3138	476.1
3139	503.333333333
3141	463.882352941
3142	560.666666667
3143	463.2
3145	544.175
3146	464.057692308
3147	392.75
3148	438.875
3149	425.47826087
315	522.196969697
3150	393.6
3151	375.5
3153	509.595505618
3154	445.961538462
3155	483.446808511
3156	465.522222222
3159	419.0
316	584.0
3160	566.1
3161	496.38372093
3162	471.164705882
3164	444.122807018
3165	441.180722892
3166	501.3875
3167	442.888888889
3168	436.235294118
3169	539.0
3170	424.541666667
3171	442.918238994
3172	442.591549296
3173	486.047619048
3175	499.1640625
3177	435.333333333
3178	567.0
3179	446.177777778
3180	464.4
3181	486.991525424
3182	480.413793103
3183	436.363636364
3184	432.055555556
3185	481.7
3187	787.0
3188	533.931034483
3189	394.192307692
319	503.1
3190	387.5
3191	402.064516129
3192	463.226415094
3193	514.243243243
3194	479.313432836
3195	484.870689655
3196	427.704545455
3197	473.586206897
3198	487.506024096
3199	445.274509804
320	515.128205128
3200	445.8
3201	523.4
3202	402.548387097
3203	479.29787234
3204	360.4
3205	491.894736842
3206	484.341463415
3207	460.353846154
3208	432.6
321	485.818181818
3210	390.25
3211	335.25
3212	446.053435115
3213	488.038961039
3214	477.392857143
3215	490.469387755
3216	347.0
3217	624.666666667
3218	481.875
3219	470.568627451
3220	549.0
3221	461.266666667
3222	458.038461538
3223	465.649122807
3225	408.0
3226	450.677419355
3228	457.965517241
3229	443.315789474
323	452.0
3230	497.86
3231	381.5
3233	426.876712329
3234	478.181818182
3235	451.676056338
3237	513.632653061
3238	474.147540984
3239	458.785714286
3240	472.818181818
3241	444.34375
3242	382.26
3245	461.183206107
3246	463.368932039
3247	505.7
3248	372.1875
3249	409.666666667
325	461.606299213
3250	513.714285714
3251	460.3
3253	131.0
3255	389.763157895
3256	388.75862069
3257	492.914893617
3258	485.025
3259	441.684210526
3260	458.756410256
3261	465.617021277
3262	458.090909091
3263	511.083333333
3264	513.2
3265	424.0
3267	432.6
3268	488.945054945
3269	375.319148936
327	463.022988506
3270	524.566666667
3271	511.769230769
3272	392.0
3273	356.285714286
3274	397.344827586
3275	534.945945946
3276	467.794392523
3277	559.285714286
3279	505.125
3280	439.571428571
3281	451.947368421
3283	440.045454545
3286	474.447761194
3288	435.543478261
3289	452.678571429
329	432.033333333
3290	458.195652174
3291	421.2125
3292	450.720930233
3293	468.561643836
3294	623.75
3295	492.895833333
3296	426.526315789
3298	489.906976744
3299	531.961538462
330	533.634920635
3301	435.760416667
3303	493.358490566
3304	389.0
3305	436.694915254
3307	458.4
3308	276.0
331	547.75
3310	459.56
3311	502.666666667
3312	500.333333333
3313	399.605263158
3314	380.333333333
3315	494.516129032
3316	477.333333333
3317	411.025316456
3318	452.449275362
3319	576.071428571
332	514.72972973
3320	516.026315789
3321	491.266666667
3322	483.063829787
3323	455.7
3324	417.634615385
3325	891.666666667
3326	481.785714286
3327	470.31147541
3328	471.583333333
333	454.829268293
3330	467.333333333
3331	480.21875
3332	476.438596491
3333	464.464788732
3334	515.015151515
3335	501.924528302
3337	555.0
3338	433.6
3339	547.217391304
3341	442.557377049
3342	440.766666667
3345	427.705882353
3346	463.558333333
3347	451.169117647
3348	544.0
3350	411.666666667
3351	489.724137931
3352	528.461538462
3353	514.134615385
3354	441.129032258
3355	440.206349206
3356	485.622222222
3357	732.0
3358	494.695652174
336	482.74015748
3360	473.873015873
3361	486.925373134
3362	627.846153846
3363	413.896551724
3364	493.098214286
3365	510.833333333
3366	500.5
3367	470.333333333
3368	451.788732394
3369	454.222222222
3370	694.0
3371	500.682170543
3373	439.383561644
3374	463.28358209
3376	473.833333333
3377	511.941176471
3378	435.377358491
3379	413.346153846
338	512.397727273
3380	475.123287671
3381	492.756097561
3382	393.136363636
3384	314.0
3385	530.705882353
3386	455.320987654
3387	465.066666667
3388	380.511627907
3389	588.0
339	590.428571429
3391	491.615384615
3392	479.317307692
3394	667.8
3396	418.391304348
3398	776.0
3399	534.666666667
340	506.532467532
3400	454.473684211
3401	464.113207547
3402	489.8359375
3403	450.5
3404	467.786885246
3405	411.610169492
3406	566.852941176
3407	341.666666667
3408	502.272727273
3409	432.827586207
341	495.538461538
3411	449.0
3412	439.68627451
3413	465.704545455
3414	437.383561644
3415	462.475247525
3416	444.700934579
3417	460.678571429
3418	414.307692308
3419	463.032258065
342	540.857142857
3420	528.043478261
3421	496.324675325
3422	459.808219178
3423	397.55
3424	440.19047619
3425	455.954022989
3426	547.342105263
3429	423.28125
343	519.233128834
3431	512.2
3432	439.603773585
3436	440.405405405
3437	470.120879121
3438	544.0875
3439	446.014285714
344	432.576923077
3441	470.328358209
3442	443.931034483
3443	340.0
3444	718.0
3445	441.375
3447	344.0
3448	547.615384615
3449	445.320754717
345	496.033898305
3450	478.279411765
3451	586.5
3452	415.5
3453	345.0
3454	465.088888889
3456	511.764705882
3457	420.718309859
3458	544.339622642
3459	483.862068966
3460	456.082474227
3461	531.547619048
3462	545.138461538
3463	463.191780822
3465	455.5
3466	926.0
3467	477.438596491
3468	487.047619048
3469	448.8
347	495.0
3470	406.307692308
3472	477.722222222
3474	513.153846154
3475	649.0
3476	496.428571429
3478	459.425
3479	450.302631579
348	477.452380952
3481	464.988095238
3482	455.976744186
3484	403.788461538
3485	302.0
3486	396.736842105
3487	466.336956522
3489	441.209876543
349	688.75
3490	418.75
3491	423.0
3492	464.256410256
3493	539.0
3494	528.625
3495	460.185185185
3496	461.263888889
3497	382.845070423
3498	414.136363636
3499	456.316666667
3500	500.066666667
3501	522.657894737
3502	564.796610169
3503	478.742574257
3504	462.910447761
3505	494.613861386
3506	583.333333333
3507	522.457142857
3509	410.633333333
351	548.666666667
3510	447.848101266
3511	483.016666667
3512	513.451612903
3513	435.865671642
3514	454.626373626
3516	475.29787234
3517	510.518518519
3520	488.071428571
3521	492.137931034
3522	522.589285714
3523	487.913043478
3524	495.310344828
3525	398.0
3526	433.097087379
3527	446.294117647
3528	911.0
3529	558.6
353	476.940298507
3530	526.421052632
3531	486.649484536
3532	453.764705882
3533	565.428571429
3534	429.039215686
3535	428.428571429
3536	437.888888889
3537	477.908333333
3538	393.133333333
354	485.166666667
3541	467.428571429
3542	418.733333333
3543	456.590909091
3544	687.0
3545	486.576
3546	502.965517241
3547	433.523809524
3548	432.981132075
3549	465.030769231
355	603.05
3550	448.953488372
3551	445.0
3552	560.0
3553	463.79245283
3554	479.5
3555	509.206896552
3556	492.958333333
3558	428.153846154
3559	505.213592233
3560	404.396551724
3561	601.0
3562	521.862068966
3563	443.764705882
3565	430.916666667
3566	478.95
3567	474.161290323
3568	517.25
3569	453.379310345
357	537.897959184
3570	450.564102564
3571	502.343283582
3572	528.505617978
3573	477.035087719
3574	476.473684211
3576	466.34
3577	468.333333333
3578	482.285714286
3580	422.853333333
3581	564.071428571
3582	457.282051282
3583	463.740740741
3584	491.372881356
3585	445.836363636
3586	787.0
3587	443.887218045
3588	517.0
3589	436.551724138
359	514.446808511
3590	410.458333333
3591	468.605263158
3592	722.0
3593	470.467741935
3594	377.965517241
3595	439.35
3596	443.111111111
3597	453.052631579
3598	435.741935484
3599	432.469387755
360	467.701754386
3600	430.714285714
3601	472.5
3602	538.672413793
3603	475.872727273
3604	520.971830986
3605	198.75
3606	469.795698925
3608	436.568965517
3609	478.770833333
361	470.783783784
3610	564.639534884
3611	540.0
3612	457.359649123
3613	289.0
3614	679.0
3615	506.367647059
3616	624.428571429
3617	484.285714286
3618	724.666666667
3619	457.947368421
362	479.3
3620	402.4
3621	427.6875
3622	504.078431373
3623	476.355932203
3624	276.5
3625	787.0
3626	445.885245902
3627	612.0
3629	482.428571429
363	446.933333333
3630	591.916666667
3631	480.082191781
3632	525.965517241
3633	462.976744186
3634	470.681818182
3635	609.333333333
3637	433.0
3638	488.7
3639	489.433962264
364	711.0
3640	439.346666667
3641	460.357894737
3642	509.9375
3644	425.74
3646	421.628571429
3647	526.166666667
3648	533.971428571
3649	421.333333333
365	533.390243902
3650	412.444444444
3651	428.112903226
3652	483.461538462
3653	421.619047619
3655	488.0
3656	470.258064516
3657	484.493670886
3658	404.796610169
3659	476.0
3661	488.853932584
3662	460.895104895
3663	480.248120301
3664	495.140350877
3665	520.454545455
3666	488.178571429
3668	382.25
3669	547.975609756
367	454.27027027
3670	465.274509804
3671	426.05
3672	442.169230769
3674	491.710843373
3675	488.70212766
3676	383.279069767
3677	576.298245614
3678	439.822580645
3679	487.78125
368	396.866666667
3680	478.549295775
3681	497.084210526
3683	443.021052632
3684	410.676056338
3685	456.68627451
3686	301.357142857
3687	511.333333333
3688	492.21686747
369	481.285714286
3690	457.254237288
3691	356.22
3692	505.03125
3693	417.616666667
3694	429.648148148
3696	467.427083333
3697	456.722772277
3698	382.55
3699	468.550561798
370	483.760330579
3700	511.940298507
3701	510.296296296
3702	522.225806452
3703	459.847826087
3704	457.326732673
3705	454.425
3706	501.201388889
3708	471.470588235
3709	532.454545455
371	605.333333333
3710	389.142857143
3711	481.807692308
3712	418.653061224
3713	459.8359375
3714	422.592592593
3715	469.933333333
3716	508.078125
3717	449.472222222
3718	450.596153846
3719	463.886956522
372	485.733333333
3720	460.64
3721	577.333333333
3722	458.042857143
3723	495.055555556
3724	478.555555556
3725	517.972222222
3726	456.5
3727	518.481481481
3728	450.242105263
3729	445.892857143
373	430.0
3730	478.583333333
3731	454.64
3732	477.357142857
3733	451.575221239
3734	431.090909091
3735	516.829787234
3736	434.978947368
3737	526.095744681
3738	493.043478261
3739	494.35
374	373.340425532
3740	500.8
3741	370.0
3742	387.222222222
3743	453.28125
3745	466.435483871
3746	595.125
3747	413.2
3748	717.333333333
3749	476.723214286
375	500.276190476
3750	484.173469388
3751	757.0
3753	494.052631579
3754	605.333333333
3756	507.006451613
3757	809.0
3758	467.228571429
3759	495.359550562
3760	453.1875
3761	472.814814815
3762	437.111111111
3763	454.0
3764	431.019230769
3765	483.538461538
3766	468.603960396
3768	460.175
3769	441.457142857
377	490.052631579
3770	720.0
3771	498.705882353
3772	476.625
3773	456.278787879
3774	401.739130435
3775	515.821782178
3777	502.916666667
3778	472.385416667
3779	415.869565217
378	468.533333333
3780	356.0
3781	473.694444444
3782	489.909090909
3783	436.128205128
3784	491.5
3785	449.285714286
3786	445.416666667
3787	461.310344828
3788	539.113636364
3789	545.823529412
379	504.037037037
3790	430.302325581
3791	474.276315789
3792	459.021276596
3793	540.602409639
3794	424.217391304
3798	473.647058824
3799	462.181818182
38	357.0
3800	468.016666667
3801	322.0
3803	628.0
3804	594.0
3805	552.0
3806	488.578947368
3807	459.354166667
3808	519.283018868
3809	498.813953488
381	440.545454545
3810	517.5
3811	464.32
3812	460.628865979
3813	462.5
3815	470.917431193
3816	511.032258065
3817	456.935064935
3818	486.533333333
3819	478.72972973
382	424.388888889
3820	462.780487805
3821	515.902439024
3822	494.625
3823	467.197183099
3824	425.583333333
3825	426.188235294
3826	618.333333333
3827	448.7
3828	296.0
3829	436.402985075
383	461.8
3830	527.659574468
3832	432.386363636
3833	752.5
3834	492.315789474
3835	524.285714286
3836	563.25
3837	564.333333333
3838	436.680412371
3839	441.018348624
384	490.529411765
3840	424.857142857
3841	427.8
3842	573.0
3843	494.1
3844	417.0
3845	527.333333333
3847	487.857142857
3848	418.666666667
3849	467.0
3850	464.188405797
3851	462.511111111
3852	376.627118644
3853	475.032786885
3855	414.5
3857	495.666666667
3859	247.0
386	511.305555556
3860	508.049180328
3861	478.714285714
3862	350.5
3863	277.75
3865	509.058823529
3866	573.666666667
3867	465.285714286
3868	430.904761905
3869	415.224299065
387	477.984375
3870	521.846153846
3871	466.721518987
3873	381.428571429
3874	474.75
3875	633.125
3876	442.833333333
3877	464.728813559
3878	461.782051282
3879	361.285714286
388	539.111111111
3880	385.0
3881	480.510204082
3882	447.0
3883	500.411764706
3884	450.369230769
3885	460.490196078
3887	435.111111111
3888	471.378698225
3889	464.445783133
389	461.623529412
3890	495.450704225
3891	459.519230769
3892	477.876033058
3893	418.714285714
3894	514.636363636
3895	431.925
3896	435.82
3897	391.0
3898	404.771428571
3899	499.462962963
39	543.709090909
3900	472.019736842
3901	474.6
3903	501.6
3904	457.051282051
3905	531.277777778
3906	452.76
3907	503.128205128
3908	551.416666667
3909	449.189655172
391	532.318181818
3910	504.7
3913	464.592592593
3914	556.818181818
3915	671.0
3916	481.22
3917	522.131578947
3918	458.8
392	483.476190476
3920	582.4
3921	475.925373134
3922	500.984126984
3923	478.746666667
3925	421.356687898
3926	440.291666667
3927	496.65625
3929	488.308270677
393	443.194444444
3930	469.056338028
3931	469.340909091
3932	687.5
3933	530.928571429
3934	470.428571429
3935	529.0
3937	488.608974359
3939	465.444444444
394	249.0
3940	503.777777778
3941	479.121212121
3942	952.0
3943	531.0
3944	525.333333333
3945	440.0
3946	610.736842105
3947	517.714285714
3948	480.133333333
3949	462.206896552
395	562.136363636
3950	482.350364964
3951	457.660377358
3952	430.641025641
3953	470.4
3954	458.952380952
3955	486.98630137
3956	371.80952381
3957	519.357664234
3958	481.59375
3959	448.028169014
396	471.048780488
3960	441.948717949
3961	468.961538462
3962	532.483333333
3963	455.571428571
3965	470.285714286
3966	578.333333333
3967	466.614035088
3968	458.0
397	529.613333333
3971	469.532258065
3972	494.886792453
3973	299.428571429
3975	464.446153846
3976	456.266666667
3977	442.859375
3978	487.38028169
3979	239.0
398	495.364705882
3980	427.902777778
3981	487.496402878
3982	458.865384615
3983	423.611111111
3984	461.2
3985	437.867647059
3986	491.666666667
3987	463.590909091
3988	473.616666667
3989	364.5
399	443.857142857
3990	479.794520548
3991	419.2
3992	482.621621622
3993	408.5
3994	523.785714286
3995	463.442622951
3996	444.109090909
3997	524.666666667
3998	427.333333333
3999	406.222222222
4	420.48
40	607.5
400	462.338709677
4000	478.612244898
4001	431.784313725
4003	627.9
4004	467.734693878
4005	536.0
4006	463.573333333
4007	463.117647059
4008	494.642857143
4009	397.666666667
401	527.166666667
4010	502.397435897
4011	422.361702128
4012	433.0
4013	518.461538462
4016	629.5
4018	447.392156863
4019	481.711111111
402	458.181818182
4020	394.464788732
4021	577.5
4022	584.428571429
4023	492.555555556
4024	484.520661157
4025	624.473684211
4026	428.333333333
4027	411.549295775
4029	438.071428571
4030	485.340136054
4031	437.777777778
4033	505.178571429
4034	917.0
4036	497.102040816
4037	959.0
4038	395.823529412
4039	410.25
404	459.680412371
4040	440.338709677
4041	432.736111111
4042	498.737704918
4043	485.409937888
4044	504.578512397
4045	470.607142857
4047	482.706666667
4048	472.555555556
4049	345.266666667
405	419.935483871
4050	482.963414634
4051	450.901408451
4052	503.307692308
4053	475.590361446
4055	584.5
4057	508.293103448
4058	589.25
4059	415.0
406	481.5
4060	488.509433962
4061	457.833333333
4062	490.929824561
4063	433.206896552
4064	480.047619048
4065	561.0
4066	465.823529412
4067	337.837209302
4068	464.540540541
4069	453.9
407	489.652173913
4070	465.918918919
4071	453.473684211
4072	427.977272727
4073	449.986111111
4074	453.729166667
4075	540.152173913
4077	458.215686275
4078	442.14893617
4079	435.142857143
408	407.322033898
4081	452.413793103
4082	544.75
4084	535.79245283
4085	332.090909091
4086	454.538961039
4087	480.836363636
4088	468.16
4089	459.457142857
409	449.723076923
4090	460.221052632
4091	451.2
4092	443.344827586
4093	523.846153846
4094	561.904761905
4095	443.636363636
4097	429.426666667
4098	482.688172043
4099	554.271186441
41	360.75
410	485.830065359
4100	569.8
4101	494.138888889
4102	431.939759036
4103	437.016393443
4104	466.492307692
4105	434.5625
4106	631.5
4107	508.064935065
4108	464.567567568
4109	443.20754717
411	431.4
4110	419.236111111
4112	472.460674157
4113	421.493670886
4114	442.066037736
4115	323.666666667
4116	761.0
4117	490.550561798
4118	416.071428571
4119	368.333333333
412	510.454545455
4120	434.0
4121	479.395061728
4122	399.921875
4125	406.931034483
4126	365.87804878
4128	501.787878788
4129	423.967032967
413	496.727272727
4130	502.461538462
4131	410.904761905
4132	425.409090909
4133	464.821428571
4134	502.575
4135	406.734939759
4136	460.361111111
4137	622.285714286
4138	501.337662338
4139	458.790322581
414	501.490909091
4140	453.388349515
4141	721.0
4143	489.888888889
4144	310.0
4145	331.363636364
4146	392.42
4147	525.547945205
4149	456.983333333
415	485.117647059
4150	479.714285714
4151	488.653846154
4152	513.625
4153	451.767857143
4154	492.981818182
4156	459.555555556
4157	422.533333333
4158	475.815384615
4159	467.925925926
4160	467.690721649
4161	478.689655172
4162	454.869565217
4163	472.72826087
4164	550.95
4165	473.147540984
4166	454.805555556
4167	481.777777778
4168	585.5
4169	478.669642857
417	459.424778761
4170	735.25
4172	494.848837209
4173	483.157894737
4174	326.5
4175	458.417391304
4176	236.0
4177	466.4375
4178	474.760869565
4179	399.103448276
418	501.324074074
4180	452.878378378
4181	493.7
4182	444.410714286
4183	458.98245614
4184	471.857142857
4185	486.340425532
4186	446.875
4187	476.806818182
4188	485.126315789
4189	490.22972973
419	486.393939394
4190	353.2
4192	444.666666667
4193	450.888888889
4195	485.914285714
4196	444.028571429
4197	465.464705882
4199	411.5
42	517.902777778
420	459.796610169
4200	514.692307692
4201	423.357142857
4202	482.462121212
4203	467.375
4204	456.0
4207	485.869047619
4208	415.694444444
4209	495.0
421	456.138888889
4210	477.741666667
4211	479.204545455
4213	461.705882353
4214	669.5
4215	495.738461538
4216	516.75
4219	515.246376812
422	418.096153846
4220	478.25862069
4221	457.390804598
4222	464.145454545
4223	464.318518519
4224	433.736363636
4225	445.0
4226	451.716666667
4227	506.873684211
4229	443.614285714
423	450.37254902
4230	564.166666667
4231	301.75
4232	463.315789474
4233	436.0
4235	517.964912281
4236	411.714285714
4237	480.307692308
4238	475.564102564
4239	446.1
424	537.95
4240	482.873239437
4241	484.821428571
4242	457.0
4243	437.59375
4244	397.222222222
4245	486.238095238
4246	486.222222222
4247	474.45
4248	542.421052632
4249	399.457627119
425	457.738853503
4250	478.604395604
4251	488.825
4252	448.695652174
4253	445.737704918
4254	456.639344262
4255	521.0
4256	225.0
4257	326.5
4258	426.0
4259	434.22972973
426	398.411764706
4260	527.857142857
4262	459.0
4263	413.373333333
4264	375.214285714
4266	431.987951807
4267	558.0
4268	449.053763441
4269	470.122222222
4270	423.5
4271	417.324675325
4272	441.803030303
4273	407.673913043
4274	478.394736842
4275	443.74137931
4276	338.5
4277	516.086956522
4278	412.406779661
4279	439.18852459
428	479.674418605
4281	467.765217391
4282	448.5
4283	508.5
4284	437.717647059
4285	514.786885246
4286	476.0
4287	466.983050847
4288	338.0
4289	465.180851064
429	376.428571429
4290	478.948275862
4291	454.214285714
4293	461.920634921
4294	458.005649718
4295	467.564516129
4296	444.291666667
4297	765.0
4298	518.067484663
4299	526.595238095
43	483.839285714
430	489.725
4300	515.5
4301	447.106666667
4302	527.0
4303	505.769230769
4304	443.615384615
4306	441.861111111
4307	419.333333333
4308	458.410958904
4309	380.625
431	207.0
4310	462.542372881
4311	449.691176471
4312	463.338983051
4315	425.75
4316	509.598540146
4317	939.0
4318	416.333333333
432	496.75
4320	350.666666667
4322	422.052631579
4323	465.966666667
4324	459.144927536
4325	480.94047619
4326	474.222222222
4327	530.740740741
4328	481.822222222
4329	477.915254237
433	476.511363636
4330	553.666666667
4331	505.652777778
4332	637.2
4333	441.014925373
4334	689.8
4335	463.03125
4336	431.355932203
4337	425.254901961
4338	505.666666667
4339	457.033333333
4340	339.0
4341	585.421052632
4342	445.56
4343	470.412280702
4345	457.808823529
4346	511.634146341
4347	434.565217391
4348	410.127659574
4349	480.268817204
4350	513.0
4351	466.653061224
4352	490.413043478
4353	453.0
4354	476.605263158
4355	427.721311475
4356	474.462962963
4358	445.277777778
4359	422.333333333
436	555.342105263
4360	450.0
4361	512.691588785
4362	452.145038168
4363	462.833333333
4364	445.730769231
4366	452.714285714
4367	579.470588235
4368	258.0
437	551.068493151
4371	455.343283582
4372	485.396694215
4373	451.086956522
4375	491.444444444
4376	434.292682927
4378	593.125
438	476.019607843
4380	526.0
4381	393.966666667
4382	486.355140187
4383	489.156862745
4384	460.955752212
4385	411.481481481
4386	504.486956522
4387	428.638297872
4388	358.230769231
4389	742.5
439	471.7
4390	390.822222222
4391	386.2
4392	445.446808511
4393	465.454545455
4394	426.461538462
4395	455.243902439
4396	499.451612903
4397	480.095238095
4398	452.129032258
4399	510.411764706
44	469.559322034
440	596.555555556
4400	401.0
4401	446.956521739
4402	281.8
4403	161.0
4404	466.980769231
4407	442.306122449
4408	449.456140351
4409	299.5
441	497.758064516
4411	550.272727273
4412	538.293103448
4413	441.819444444
4414	468.5
4415	624.846153846
4416	542.928571429
4417	511.15
4418	479.327586207
4419	478.0
442	657.666666667
4420	450.4
4421	426.705882353
4422	621.833333333
4423	480.717391304
4424	433.4
4425	411.0
4426	395.064516129
4428	376.846153846
443	487.5
4430	366.714285714
4431	479.55
4432	433.358974359
4433	454.794871795
4434	633.090909091
4436	512.617021277
4438	397.769230769
4439	487.701492537
4440	368.644444444
4442	437.80952381
4444	547.5
4445	333.142857143
4446	443.176470588
4447	436.962264151
4448	469.579545455
4449	461.577777778
445	495.245614035
4450	476.608695652
4451	575.95
4452	509.638888889
4453	500.428571429
4454	471.75
4457	752.0
4458	467.0
4459	476.454545455
446	432.24137931
4460	464.054545455
4461	527.365853659
4462	430.733333333
4463	505.117647059
4464	438.333333333
4465	512.12195122
4466	646.142857143
4468	565.192307692
4469	445.071428571
447	434.363636364
4470	489.466666667
4471	494.79047619
4472	501.235294118
4473	464.0
4474	474.322580645
4475	476.292207792
4476	477.322916667
4477	497.983333333
4478	439.088888889
4479	447.590909091
448	740.0
4480	463.784313725
4481	507.157894737
4482	419.846153846
4483	495.921875
4484	571.5
4486	639.5
4487	458.202380952
4488	480.341463415
4489	473.804123711
449	456.418604651
4491	447.407407407
4492	433.137254902
4493	634.5
4494	459.0
4496	422.947368421
4497	471.384615385
4498	489.728813559
4499	577.0
45	554.757575758
450	419.695652174
4500	422.0
4502	429.114754098
4504	395.214285714
4506	460.325
4507	456.0
4508	513.76
4509	478.064516129
451	486.675324675
4510	477.0
4511	577.285714286
4512	465.917808219
4513	535.666666667
4514	425.933333333
4515	548.161290323
4516	452.387755102
4517	402.52173913
4518	430.35106383
4519	506.880597015
452	518.333333333
4520	464.029850746
4521	330.0
4522	440.777777778
4523	516.434782609
4524	506.0
4525	423.333333333
4526	451.391891892
4527	476.054054054
4528	482.0
4529	466.266666667
453	478.260869565
4530	438.1875
4531	532.9
4532	474.938596491
4535	391.25
4536	475.846153846
4537	492.741935484
4538	487.348387097
4539	468.160493827
454	459.214285714
4540	450.863636364
4543	475.25
4544	512.666666667
4545	333.1
4546	444.68627451
4547	324.0
4548	515.606060606
4549	440.055555556
455	489.4
4550	458.804878049
4551	336.0
4552	399.0
4553	455.666666667
4554	502.659574468
4555	439.14084507
4556	490.833333333
4557	570.0
4559	444.772727273
4560	460.957446809
4561	444.964285714
4562	482.581081081
4563	375.733333333
4564	463.957983193
4565	511.711538462
4566	509.139534884
4567	421.111111111
4568	423.666666667
4569	480.109756098
457	463.534090909
4570	334.5
4571	562.166666667
4572	464.492957746
4573	500.888888889
4574	426.5
4575	427.507042254
4576	682.5
4577	473.88034188
4578	469.108910891
4579	476.918032787
458	412.913978495
4580	448.55
4581	428.962406015
4582	425.784946237
4583	490.315789474
4584	413.181818182
4585	460.148648649
4586	437.980769231
4587	487.159292035
4588	453.914529915
4589	420.92
459	487.55
4590	491.7
4591	476.210526316
4593	405.0
4594	480.733333333
4595	465.9875
4596	461.444444444
4597	446.054545455
4598	439.255813953
4599	449.327272727
46	320.181818182
460	597.5
4600	527.165137615
4602	600.0
4603	499.141025641
4605	484.555555556
4606	573.642857143
4607	535.912280702
4609	477.852459016
461	401.441558442
4610	437.0
4612	578.75
4613	944.0
4614	478.413333333
4615	496.315789474
4616	490.978947368
4617	609.884615385
4618	450.916666667
4619	452.757142857
4620	452.22972973
4621	427.672727273
4623	507.0625
4625	440.261538462
4626	463.666666667
4627	477.604166667
4628	465.054054054
4629	445.8
463	510.098765432
4630	506.0
4632	326.818181818
4633	443.434782609
4634	434.337837838
4635	477.70212766
4636	506.148148148
4637	403.327586207
4638	403.0
4639	414.285714286
464	496.090909091
4640	464.446153846
4641	462.673076923
4642	490.216666667
4643	452.744680851
4644	449.018867925
4645	432.38028169
4646	557.333333333
4647	510.435897436
4649	681.666666667
465	526.333333333
4650	731.4
4651	464.8
4652	476.328358209
4653	453.0
4654	439.159090909
4655	327.333333333
4656	498.282051282
4657	469.880952381
4658	466.827160494
4659	449.521276596
466	473.079545455
4660	534.592592593
4661	497.350877193
4662	464.524390244
4663	472.038961039
4664	440.933333333
4665	474.725274725
4666	456.912280702
4667	467.88
4668	403.884615385
4669	348.823529412
467	429.166666667
4670	438.393939394
4671	204.4
4672	458.5
4673	637.333333333
4674	446.587301587
4675	415.430107527
4676	499.175438596
4677	459.04
4678	551.857142857
4679	445.893333333
468	464.625
4680	422.916666667
4681	472.583333333
4682	369.5
4683	416.941176471
4684	443.643835616
4686	479.5125
4687	494.291338583
4688	444.566666667
4689	432.315789474
4690	446.603174603
4691	461.291666667
4692	497.277777778
4693	482.023255814
4694	465.869565217
4695	441.535714286
4696	473.868263473
4697	390.379310345
4698	384.342857143
47	414.923076923
470	714.25
4700	495.089285714
4702	389.833333333
4703	633.333333333
4705	507.779661017
4706	481.282352941
4707	455.611111111
4708	456.175
471	406.592592593
4710	511.448979592
4711	337.857142857
4712	471.222222222
4714	485.1625
4716	694.5
4718	479.142857143
4719	434.0
472	441.28
4720	533.533333333
4721	442.916666667
4722	405.433333333
4724	437.206896552
4725	433.063492063
4726	546.565217391
4727	502.739726027
4728	468.0
4729	443.543478261
473	538.1
4730	409.355932203
4731	277.0
4732	480.326086957
4734	473.105263158
4735	464.165517241
4736	436.571428571
4737	425.096153846
4738	469.1875
4739	810.0
474	190.333333333
4740	466.862068966
4742	471.888888889
4743	377.933333333
4744	525.136363636
4745	464.9
4746	506.016666667
4747	758.8
4748	490.490196078
4749	474.977272727
475	576.5
4750	252.0
4751	479.173333333
4752	505.25974026
4753	444.904761905
4754	458.285714286
4755	478.725806452
4756	487.509433962
4757	401.861538462
4758	494.833333333
4759	933.0
476	478.785714286
4760	448.038461538
4761	493.928571429
4762	499.620437956
4763	442.576923077
4764	464.0
4765	385.458333333
4766	415.607142857
4767	471.329787234
4768	455.279069767
4769	506.196261682
477	524.285714286
4770	361.823529412
4772	288.366666667
4773	244.0
4774	450.139240506
4776	338.0
4777	650.5
4778	449.553571429
4779	527.642857143
478	424.960526316
4781	426.917808219
4782	451.834862385
4783	426.256637168
4784	457.730337079
4786	452.481481481
4787	530.625
4788	465.175438596
4789	499.0
479	529.461538462
4790	488.125
4791	403.96
4792	469.232758621
4793	578.857142857
4795	484.97005988
4798	541.5
4799	405.8
48	452.428571429
480	429.807692308
4800	474.989361702
4801	561.068181818
4802	474.692307692
4803	419.15
4805	470.142857143
4806	439.625
4807	440.420289855
4808	489.980769231
4809	491.2
481	496.555555556
4810	478.784090909
4811	475.918918919
4812	492.6
4813	421.5
4814	417.8
4815	497.438461538
4816	461.322222222
4818	523.586956522
4819	463.115384615
482	420.192982456
4820	450.211538462
4821	456.84057971
4822	418.0
4823	479.766233766
4824	463.2
4825	349.5
4826	527.0
4827	466.0
4828	740.0
4829	470.342857143
483	435.82278481
4830	413.0
4834	483.283018868
4835	470.256097561
4837	440.854166667
4838	415.416666667
4839	333.0
484	421.111111111
4840	476.404761905
4841	513.4
4842	418.538461538
4843	436.466019417
4844	431.688888889
4845	445.909090909
4846	440.342465753
4847	448.734375
4848	475.811594203
4849	502.676470588
4850	487.714285714
4851	544.333333333
4852	476.7
4853	490.555555556
4854	579.454545455
4855	681.5
4856	482.066666667
4857	416.705263158
4858	494.772727273
4859	409.682926829
486	435.694915254
4861	458.876923077
4862	488.051282051
4863	484.277108434
4864	523.8
4865	454.705882353
4866	500.6
4867	413.5
4868	421.632653061
4869	396.130434783
487	442.114285714
4870	423.351851852
4871	546.14
4872	430.608695652
4873	457.008130081
4875	543.533333333
4876	485.985714286
4877	739.666666667
4878	422.095890411
4879	455.867768595
488	453.444444444
4881	610.333333333
4882	440.058823529
4883	456.41025641
4884	399.671232877
4885	413.336363636
4886	366.5625
4887	495.631578947
4888	508.5
4889	463.747368421
489	465.68
4890	360.615384615
4891	476.410714286
4892	456.268656716
4893	458.676470588
4894	411.363636364
4895	485.614035088
4896	397.368421053
4897	453.128205128
4899	434.8125
49	408.0
490	485.918032787
4900	468.821138211
4901	508.868852459
4902	432.803571429
4903	511.059701493
4904	517.435294118
4905	436.4375
4906	558.4
4907	464.246753247
4908	498.0
4909	459.357723577
491	497.285714286
4910	506.032258065
4911	393.025
4912	482.34375
4913	478.740740741
4914	379.952380952
4915	473.216216216
4916	480.092307692
4917	390.866666667
4918	496.096774194
4919	510.869565217
4920	479.579710145
4921	470.64516129
4922	932.0
4923	487.257142857
4924	432.736842105
4925	569.6
4926	442.8125
4927	471.886792453
4928	439.609756098
4929	477.352941176
493	452.033333333
4930	480.1
4931	502.78125
4932	448.417721519
4933	479.722222222
4934	441.739130435
4935	444.807692308
4936	477.275229358
4937	459.675
4938	472.023809524
4939	454.838235294
4940	444.846153846
4941	480.775
4942	576.555555556
4943	515.80952381
4945	544.609756098
4946	491.142857143
4947	449.5
4948	461.666666667
4949	488.545454545
495	425.875
4950	454.285714286
4951	444.162790698
4952	426.095238095
4953	469.946808511
4954	784.0
4955	552.120689655
4956	506.655172414
4957	389.578947368
4959	524.102362205
496	594.6
4960	455.105882353
4961	475.786885246
4962	477.327683616
4963	440.885245902
4964	454.3125
4965	386.5
4966	445.7875
4967	414.679245283
4968	464.419753086
4969	468.41025641
497	536.388888889
4970	491.763157895
4971	469.555555556
4972	463.253333333
4973	426.35443038
4974	473.033112583
4977	473.955882353
4978	458.962962963
4979	432.550458716
498	433.730769231
4980	490.54
4981	470.625
4982	545.166666667
4983	589.636363636
4984	470.0
4985	477.3
4986	364.333333333
4987	527.6875
4988	387.5
4989	459.547169811
4990	449.848484848
4991	476.2
4992	476.160714286
4993	463.034482759
4994	527.203389831
4995	413.416666667
4996	491.0
4997	458.015873016
4998	527.6
4999	593.9
5	467.215384615
50	445.354166667
500	422.0
5000	513.192307692
5001	607.0
5002	425.37254902
5003	503.730769231
5004	492.0
5005	422.261904762
5006	428.26984127
5007	397.214285714
5008	489.6
5009	460.795918367
501	462.310344828
5010	425.333333333
5011	529.449275362
5012	495.070175439
5013	597.25
5015	444.25
5016	492.930232558
5017	446.673913043
5018	494.764705882
5019	449.733333333
502	470.967391304
5020	479.375
5021	416.888888889
5022	483.210191083
5023	411.41025641
5024	472.133333333
5025	426.571428571
5026	479.692307692
5027	560.352941176
5028	486.781609195
5029	492.520833333
503	366.777777778
5030	508.072727273
5031	405.40625
5032	451.02
5033	447.704081633
5034	498.692307692
5036	477.773333333
5037	468.178571429
5038	478.232
5039	483.674418605
504	559.611111111
5040	454.01369863
5041	480.6875
5042	410.903225806
5043	458.971428571
5044	445.888888889
5045	613.6
5046	489.222222222
5047	477.425
5049	495.188888889
505	450.5
5050	516.8
5051	512.5
5052	457.846153846
5053	510.450980392
5054	463.656565657
5057	499.341463415
5058	410.08
5059	489.857142857
5060	474.470588235
5062	469.629032258
5063	504.987654321
5064	541.3125
5065	462.69047619
5066	463.685185185
5067	459.830357143
5068	511.666666667
5069	429.020833333
507	336.866666667
5070	494.488636364
5071	490.547169811
5072	433.125
5073	469.01754386
5074	520.534883721
5075	870.0
5076	518.755102041
5077	436.728813559
5078	522.464788732
5079	499.495412844
508	463.602040816
5080	472.411764706
5081	531.848484848
5082	430.9
5083	512.173913043
5084	379.0
5085	430.190140845
5086	508.428571429
5087	476.0
5088	495.727272727
5089	530.275862069
509	446.38372093
5090	454.527272727
5091	494.490384615
5093	509.582089552
5094	442.983050847
5095	445.473684211
5096	516.931034483
5097	464.440677966
5098	429.739130435
5099	502.014925373
51	473.05
510	405.272727273
5100	991.0
5101	428.235294118
5102	488.660377358
5103	438.385714286
5104	442.511111111
5105	460.177419355
5106	465.983333333
5107	505.155844156
5108	423.914893617
5109	834.0
511	619.666666667
5110	506.025641026
5111	471.2
5112	433.695121951
5113	435.476744186
5114	509.125
5115	430.229885057
5116	468.274193548
5117	500.170731707
5118	407.666666667
5119	487.0
512	438.176470588
5120	290.0
5121	500.225806452
5122	486.285714286
5123	474.544827586
5124	523.666666667
5126	465.724137931
5127	596.2
5129	483.75
513	561.529411765
5130	436.0
5132	472.160714286
5133	449.388888889
5134	376.176470588
5135	499.825
5136	545.873015873
5137	577.7
5138	407.095238095
5139	420.181818182
514	462.823529412
5140	499.863636364
5141	471.568421053
5142	512.283333333
5143	459.769230769
5144	395.545454545
5145	443.185185185
5146	515.093023256
5148	462.318181818
5149	978.0
515	456.558441558
5150	469.622222222
5152	395.450980392
5154	439.535211268
5155	431.125
5156	661.0
5158	501.571428571
5159	562.25
5161	501.75
5162	512.523809524
5163	452.731707317
5164	541.428571429
5165	471.289719626
5166	531.063829787
5167	430.974683544
5168	366.0
5169	497.0
517	498.071428571
5171	590.833333333
5172	464.479166667
5173	507.266666667
5174	449.617977528
5175	207.0
5176	643.0
5178	512.229007634
5179	487.397849462
518	424.611111111
5180	493.11
5181	580.0
5182	515.528301887
5183	418.397590361
5184	480.6
5185	503.422413793
5186	458.621212121
5187	479.457831325
5188	465.625
5189	505.966101695
519	487.609756098
5190	493.625
5191	473.0
5192	458.3
5193	478.876404494
5194	426.264705882
5195	524.436619718
5197	505.322580645
5198	485.589285714
5199	395.0
520	443.901960784
5200	520.12
5201	321.6
5202	439.160714286
5203	402.8
5205	999.0
5208	503.168674699
5209	459.698113208
5210	480.655172414
5211	501.03030303
5212	484.904761905
5213	471.2625
5215	401.950819672
5217	349.0
5218	450.833333333
5219	485.188679245
522	466.871428571
5220	513.164556962
5221	421.755555556
5222	329.555555556
5225	349.538461538
5226	467.315789474
5227	449.220779221
5228	477.586956522
523	594.8
5230	468.090909091
5231	430.016304348
5232	478.37037037
5233	505.49122807
5234	482.475409836
5235	468.990825688
5236	469.732394366
5237	428.810526316
5238	442.68627451
5239	460.357142857
5240	477.435483871
5241	458.353846154
5242	503.47826087
5243	471.064220183
5246	436.169230769
5247	447.779411765
5249	561.5
525	496.074074074
5250	486.71
5251	443.105263158
5252	482.0
5253	482.797619048
5254	424.771428571
5255	454.263888889
5256	391.02
5257	487.541666667
5258	479.773584906
5259	465.285714286
526	476.984848485
5261	420.857142857
5262	460.221311475
5263	469.188679245
5264	469.666666667
5265	456.963636364
5267	381.142857143
5268	428.388888889
5269	525.689655172
527	514.333333333
5270	456.99009901
5271	378.666666667
5272	450.085714286
5273	460.805555556
5274	473.660377358
5275	943.0
5276	469.075
5277	443.8
5278	494.523076923
5279	494.435483871
5280	388.5
5281	452.428571429
5282	474.276595745
5283	440.742424242
5284	451.624
5285	489.846153846
5286	454.842105263
5287	452.212121212
5288	550.814814815
5289	454.086419753
529	290.0
5290	500.640449438
5291	436.171052632
5292	533.2
5293	472.523809524
5294	506.146341463
5295	411.743589744
5296	442.206349206
5297	481.68115942
5298	527.388349515
5299	609.25
53	519.324786325
530	395.714285714
5300	596.333333333
5301	501.447916667
5302	512.52173913
5303	457.48
5304	411.013513514
5305	493.878787879
5306	461.59223301
5307	494.877777778
5308	452.733333333
531	437.142857143
5310	405.32
5311	471.033707865
5312	356.9
5313	472.614457831
5316	471.552941176
5317	439.0625
5318	489.533333333
5319	473.320512821
532	447.023255814
5320	462.24137931
5321	488.191780822
5322	480.58
5324	423.891304348
5325	503.692307692
5326	464.609375
5327	430.90625
5329	477.285714286
5330	424.0
5331	562.7
5332	303.782608696
5333	508.530120482
5334	477.428571429
5335	495.450980392
5336	445.6875
5337	465.042553191
5338	483.034482759
5339	521.786885246
534	493.894736842
5340	460.366666667
5341	471.970149254
5342	470.454545455
5344	466.28125
5345	477.691588785
5346	420.785714286
5347	410.519230769
5348	486.6
5349	422.0
535	470.918918919
5350	474.707317073
5351	448.797468354
5352	467.240506329
5353	461.8046875
5354	483.333333333
5355	449.294117647
5356	477.705426357
5357	463.078947368
5358	484.245614035
5359	477.293333333
5360	431.301587302
5361	480.648148148
5363	487.142857143
5365	415.692307692
5367	378.634146341
5369	896.0
537	436.356321839
5370	520.0
5371	483.21978022
5372	437.161016949
5374	462.559633028
5375	496.263888889
5376	460.030769231
5377	482.462121212
5378	497.193548387
5379	472.881578947
5380	498.0
5381	485.708333333
5382	473.434782609
5383	494.026666667
5384	449.759615385
5385	458.1
5386	461.142857143
5387	559.333333333
5389	489.962962963
539	364.0
5390	450.80952381
5391	450.90625
5392	484.5
5393	490.108695652
5394	457.473684211
5396	468.533980583
5397	383.892857143
5398	371.529411765
54	501.666666667
540	483.825174825
5400	465.339622642
5401	571.651162791
5402	480.986111111
5403	497.974358974
5404	460.432432432
5405	470.3
5406	451.777777778
5407	554.675675676
5408	493.183098592
5409	419.76
541	491.558823529
5410	479.034883721
5411	465.950819672
5413	455.520547945
5414	475.394736842
5416	498.794871795
5417	434.545454545
5418	453.268907563
5419	457.773195876
542	515.654545455
5420	464.0
5421	453.552380952
5422	424.80952381
5423	586.8
5424	425.465753425
5426	493.876712329
5427	528.142857143
5428	431.833333333
5429	428.026666667
543	460.285714286
5430	519.0
5431	371.52
5432	476.621621622
5433	565.6
5434	418.542372881
5435	513.086956522
5436	448.534883721
5437	462.598214286
5438	488.0
5439	481.964285714
544	409.555555556
5441	470.0
5442	456.272727273
5443	453.324324324
5444	408.0
5445	491.523809524
5446	494.413333333
5447	529.0
5449	483.333333333
5450	430.965517241
5451	101.0
5452	461.875
5453	479.2
5454	463.188888889
5455	492.774509804
5457	461.010869565
5458	429.5
5459	501.214285714
546	509.802197802
5460	599.333333333
5461	373.551020408
5462	462.74137931
5463	517.5
5464	443.428571429
5465	468.567567568
5467	416.434782609
5468	461.740740741
5469	125.0
5470	425.596774194
5471	494.522727273
5472	389.857142857
5473	423.310344828
5474	439.826923077
5475	420.636363636
5476	448.78125
5477	531.139534884
5478	469.428571429
5479	462.781818182
548	443.698113208
5480	525.083333333
5481	530.76433121
5482	395.894117647
5483	317.5
5484	628.555555556
5485	243.0
5486	440.601941748
5487	452.671428571
5488	446.711111111
5489	466.363636364
549	471.620689655
5490	529.577777778
5491	471.219512195
5492	488.802816901
5494	468.205882353
5495	265.0
5497	446.051282051
5498	434.267857143
5499	417.630136986
55	520.378787879
550	489.428571429
5500	425.25
5501	471.333333333
5502	600.833333333
5503	526.0
5504	489.759036145
5505	662.846153846
5507	512.181818182
5509	718.0
551	437.096491228
5510	461.14516129
5511	484.696428571
5513	447.421875
5514	500.141025641
5515	443.5
5516	514.653333333
5517	437.3125
5518	510.07
5519	454.692307692
552	398.293333333
5520	485.60952381
5521	460.851851852
5522	486.878787879
5523	479.392857143
5524	425.542372881
5525	491.875
5526	314.666666667
5527	440.797101449
5528	802.0
5529	472.36
553	519.037037037
5530	517.214285714
5531	651.0
5532	521.707317073
5534	408.93258427
5535	549.0
5538	462.75
5539	481.262626263
5540	471.349514563
5541	467.980392157
5542	475.596153846
5543	333.714285714
5544	468.070422535
5545	478.6875
5546	488.955223881
5547	473.359375
5548	395.017241379
5549	527.563380282
555	471.733944954
5550	482.881118881
5551	451.193548387
5552	475.195121951
5553	473.449275362
5554	416.397849462
5555	523.226190476
5556	409.396226415
5557	488.314285714
5558	498.666666667
5559	407.25
556	459.965217391
5560	428.75
5561	500.885714286
5562	523.2
5563	476.537634409
5564	475.244444444
5565	702.571428571
5566	482.121212121
5567	577.0
5568	504.582278481
5569	450.333333333
5570	517.020408163
5571	500.571428571
5572	600.117647059
5573	485.571428571
5575	515.085106383
5576	310.8
5577	477.28440367
5578	494.9
5579	552.357142857
558	511.391891892
5580	476.015151515
5581	486.935483871
5582	493.422413793
5583	472.906666667
5585	456.483870968
5586	488.476635514
5587	481.388888889
5589	440.631578947
559	502.918032787
5590	485.666666667
5591	412.492307692
5592	434.0
5593	496.0625
5594	448.550724638
5595	527.045454545
5597	551.172413793
5598	459.057142857
5599	603.0
56	444.56
5600	410.188405797
5601	656.0
5602	487.082352941
5603	472.8
5604	382.62962963
5607	198.0
5608	515.790697674
5609	482.133333333
561	509.139534884
5610	520.25
5612	480.019607843
5613	481.133333333
5614	485.046875
5615	494.318181818
5616	624.5
5617	471.558441558
5618	460.926829268
5619	395.285714286
5620	442.202020202
5621	416.306666667
5622	494.201923077
5623	576.6
5624	458.789473684
5625	441.714285714
5626	434.175257732
5627	404.322580645
5628	494.529411765
5629	677.5
563	422.326086957
5630	463.541666667
5631	476.611111111
5632	475.238095238
5633	381.933333333
5634	404.723404255
5635	441.0
5636	464.677419355
5637	468.355555556
5638	482.523076923
5639	411.202898551
5640	438.957142857
5642	433.333333333
5643	273.666666667
5644	504.227722772
5645	487.940740741
5646	461.26
5647	499.68
5648	467.712121212
565	472.487179487
5650	418.178571429
5651	426.0
5652	536.75
5653	412.5
5654	456.267605634
5656	542.259259259
5657	483.835164835
5658	507.172413793
5659	422.458333333
566	536.292682927
5660	451.901960784
5661	361.333333333
5662	459.0
5663	451.381443299
5664	470.791666667
5665	464.681818182
5666	436.568627451
5667	489.254237288
5668	566.642857143
5669	362.875
567	469.2
5670	491.333333333
5671	419.0
5672	472.857142857
5673	430.12962963
5674	446.065934066
5675	422.0
5676	453.679487179
5677	469.373134328
5678	482.271186441
5679	501.409090909
5680	457.054794521
5681	539.387755102
5682	495.92
5683	504.052631579
5684	370.5
5685	483.333333333
5686	426.134831461
5688	494.819672131
5689	496.666666667
569	473.29245283
5690	490.0
5692	479.911111111
5693	406.386363636
5694	493.697674419
5695	460.846153846
5696	457.25
5697	477.375
5698	443.621359223
5699	912.0
57	490.792207792
570	437.767857143
5700	494.386666667
5701	495.492063492
5702	379.285714286
5703	486.942028986
5704	470.44
5705	452.341463415
5706	431.703703704
5707	457.333333333
5708	464.258064516
5709	469.051724138
571	414.757575758
5710	567.551724138
5711	384.390625
5712	443.446153846
5713	479.266666667
5714	496.534482759
5716	386.4
5717	493.493670886
5718	468.153061224
5719	477.229166667
5720	473.766233766
5721	515.305555556
5722	421.0
5723	461.972222222
5724	659.0
5725	510.0
5726	442.125
5727	385.301886792
5728	516.954545455
5729	488.628571429
573	460.4
5730	499.086956522
5731	568.142857143
5732	493.211267606
5733	403.528089888
5734	453.943089431
5735	497.125
5738	438.075268817
5739	475.26618705
574	491.869565217
5740	428.393442623
5741	499.056603774
5742	464.282828283
5743	502.714285714
5744	328.0
5745	457.308823529
5746	486.166666667
5747	487.986666667
5748	563.554054054
5749	499.865671642
575	402.8125
5751	281.0
5752	524.012195122
5753	481.708333333
5754	428.927536232
5755	469.238095238
5756	631.0
5758	452.226804124
5759	482.928571429
576	387.484848485
5760	436.590361446
5761	537.378378378
5762	380.426470588
5763	502.896551724
5764	546.291666667
5765	502.246753247
5766	490.642857143
5768	455.852459016
5769	515.947368421
577	452.783783784
5770	486.75
5771	435.191780822
5772	516.029411765
5774	537.147058824
5775	454.063636364
5776	488.71875
5777	449.321428571
5778	236.0
5779	484.556521739
578	473.42
5780	399.625
5781	465.254237288
5782	436.746478873
5783	452.0
5784	527.266666667
5785	490.92
5786	476.148648649
5787	534.82
5788	487.525641026
5789	470.068965517
579	448.471698113
5790	520.661290323
5791	482.740740741
5792	478.571428571
5793	488.84
5794	495.423076923
5795	482.222222222
5796	507.413043478
5797	433.459770115
5798	472.0625
5799	518.076923077
58	480.514018692
5800	530.127659574
5801	496.205357143
5802	571.15
5803	496.147540984
5804	490.025
5805	449.391666667
5806	476.219512195
5807	387.076923077
5808	471.422459893
5809	491.46875
5810	729.666666667
5811	463.120689655
5812	530.511111111
5813	510.588235294
5814	508.0
5815	498.125
5816	473.041666667
5817	469.391304348
5818	465.375
5819	337.375
582	463.041666667
5820	485.441176471
5821	459.979591837
5822	556.901960784
5823	387.5
5824	493.772727273
5825	536.640776699
5826	613.5
5827	485.948051948
5828	485.317073171
5829	502.620689655
583	494.0
5830	395.222222222
5831	482.303030303
5833	459.5625
5834	477.93902439
5836	458.123595506
5837	468.548780488
5838	452.191489362
5839	469.5
584	490.714285714
5840	413.047058824
5841	500.581632653
5842	456.043478261
5843	761.333333333
5844	509.428571429
5845	450.574074074
5846	502.897435897
5847	532.795918367
5848	388.677966102
5849	483.17699115
585	449.719512195
5850	455.935483871
5851	496.536585366
5852	468.032786885
5853	545.4
5854	501.454545455
5855	482.575342466
5856	491.6
5857	534.176470588
5858	457.377777778
5859	471.509433962
586	533.578947368
5861	438.430769231
5862	410.935483871
5863	526.636363636
5864	487.085714286
5865	463.695652174
5866	429.078651685
5867	281.642857143
5868	414.333333333
5870	461.581081081
5871	473.54
5872	460.789473684
5873	427.836734694
5874	555.0
5875	457.203389831
5877	496.416666667
5878	470.139534884
588	470.869565217
5880	476.9625
5881	505.4875
5882	477.384615385
5883	474.983606557
5884	466.348623853
5885	440.818181818
5887	472.181818182
5888	447.814814815
5889	452.547619048
589	522.673913043
5890	484.800970874
5891	209.0
5892	446.903225806
5893	505.45
5894	428.125
5895	465.566371681
5896	552.5
5897	475.830769231
5898	443.779661017
59	611.888888889
590	443.754385965
5901	616.666666667
5902	470.607142857
5903	483.464788732
5904	581.377777778
5905	464.209677419
5906	454.285714286
5907	462.822580645
5908	414.728571429
5909	432.765625
591	439.714285714
5910	499.107526882
5915	484.412698413
5916	410.0
5917	465.756756757
5919	395.416666667
5920	402.595959596
5921	513.168674699
5922	463.513513514
5923	507.791139241
5924	478.818181818
5925	507.421428571
5926	499.586538462
5927	455.583892617
5928	443.23943662
5929	477.587155963
5930	488.661016949
5931	439.22826087
5932	405.422222222
5933	497.512345679
5934	459.75308642
5935	515.988888889
5936	502.0
5937	478.53125
5938	501.25443787
5939	480.961038961
594	458.2875
5941	444.071090047
5942	477.323529412
5943	420.434782609
5944	483.481481481
5945	479.577464789
5946	496.903614458
5947	505.219047619
5948	508.351955307
5949	490.183673469
595	464.368421053
5950	505.5
5951	430.005524862
5952	445.909090909
5953	521.375
5954	480.72519084
5955	489.748091603
5956	598.6
5957	475.931818182
5958	536.462365591
5959	439.165413534
596	504.142857143
5960	450.253246753
5961	466.474074074
5962	428.021126761
5963	457.435897436
5964	464.459677419
5965	495.586206897
5966	478.04137931
5967	469.128342246
5968	453.487804878
5969	473.118421053
5970	497.791208791
5971	465.228070175
5972	439.483333333
5973	491.855345912
5974	469.962121212
5975	494.401360544
5976	488.606557377
5978	476.774774775
5979	477.875
5980	472.96039604
5981	481.79245283
5982	542.857142857
5984	455.626506024
5985	489.528497409
5986	483.615384615
5987	496.066666667
5988	523.883116883
5989	542.102564103
599	483.684210526
5990	519.298245614
5991	480.204301075
5992	478.417266187
5993	451.957142857
5994	770.5
5995	494.25
5996	464.793103448
5997	482.170212766
5998	505.644444444
60	482.056074766
600	463.317647059
6000	420.92
6001	437.127272727
6002	483.863636364
6003	502.502890173
6004	488.660606061
6005	500.336956522
6006	481.43
6007	472.964912281
6008	453.964285714
6009	476.654411765
6010	486.942028986
6011	547.571428571
6012	507.932515337
6013	460.929824561
6014	459.343065693
6015	514.11
6016	504.108527132
6017	517.954545455
6018	455.769230769
6019	436.62244898
602	475.737704918
6020	473.142857143
6022	537.0
6023	504.675496689
6024	380.0
6025	485.096296296
6026	473.828125
6027	432.955414013
6028	490.761904762
6029	529.647887324
603	406.043478261
6030	447.481481481
6031	484.888059701
6032	431.485507246
6033	462.958333333
6034	485.56
6035	583.666666667
6036	463.349593496
6037	361.965517241
6038	497.495412844
6039	482.5625
604	470.318681319
6040	465.664705882
6041	457.98125
6042	480.422360248
6043	569.047619048
6044	496.457142857
6045	451.881188119
6046	504.503649635
6047	451.829787234
6048	518.796178344
6049	475.914893617
605	641.333333333
6050	479.198630137
6051	449.019354839
6052	495.184210526
6053	455.927272727
6054	477.240384615
6055	481.7109375
6057	474.368
6058	508.688442211
6059	475.493421053
606	469.236842105
6060	473.947916667
6061	479.918367347
6062	486.054945055
6064	486.095238095
6065	492.794117647
6066	483.272251309
6067	480.666666667
6068	519.98013245
6069	445.933333333
607	456.0
6070	538.125
6071	478.641025641
6072	465.609756098
6073	471.153846154
6074	420.980769231
6075	474.404624277
6076	491.073170732
6077	468.603305785
6078	485.147058824
6079	476.2
608	821.0
6080	483.977011494
6081	501.568720379
6082	479.0
6083	476.402684564
6084	468.793650794
6085	504.730769231
6086	458.639344262
6087	461.918918919
6088	520.511363636
6089	486.29281768
6090	462.914473684
6091	531.85
6092	444.98816568
6093	492.912751678
6094	511.022988506
6095	460.701754386
6097	443.626262626
6098	502.163934426
6099	479.277372263
61	620.333333333
610	492.130841121
6100	502.0
6101	503.12972973
6102	538.09375
6103	457.830508475
6104	498.6
6106	526.875
6107	489.706349206
6108	494.90625
6109	497.594059406
611	487.410714286
6110	471.571428571
6111	399.62962963
6112	441.781021898
6113	484.056
6114	459.883333333
6115	483.315068493
6117	514.993630573
6118	474.491666667
6119	469.52
612	421.647058824
6120	441.277108434
6122	478.303482587
6123	514.838709677
6124	494.49197861
6125	488.728813559
6126	494.480392157
6127	475.401869159
6128	485.455621302
6129	425.61682243
613	392.961538462
6130	470.831395349
6131	485.507936508
6132	750.125
6133	475.086486486
6134	448.992125984
6135	464.493023256
6136	469.820512821
6137	478.304597701
6138	144.0
6139	448.829457364
614	429.833333333
6140	484.403846154
6141	472.429577465
6142	422.685185185
6143	478.147058824
6144	483.583815029
6145	487.081081081
6146	463.881889764
6147	482.510204082
6148	149.0
6149	416.295302013
615	482.614035088
6150	444.892857143
6151	469.128440367
6152	444.875
6153	494.482142857
6154	492.162790698
6156	538.472222222
6157	464.072992701
6158	478.767567568
6159	472.424242424
616	480.25
6160	464.527027027
6161	372.117647059
6162	492.779527559
6163	477.201058201
6164	477.725806452
6165	475.846153846
6166	494.15862069
6167	499.56043956
6168	505.626666667
6169	506.3515625
617	506.75
6170	488.95035461
6171	490.417910448
6172	449.341463415
6173	475.181208054
6174	476.875
6175	517.8046875
6176	456.066666667
6177	486.8
6178	480.822857143
6179	465.857142857
618	455.333333333
6180	624.625
6181	459.06557377
6182	284.25
6183	437.651612903
6184	504.194805195
6185	526.666666667
6186	457.878504673
6187	461.047297297
6188	464.439393939
6189	468.388059701
619	467.45
6190	493.694214876
6191	452.714285714
6192	480.786096257
6193	521.545454545
6194	486.417266187
6195	523.777777778
6196	495.494623656
6197	300.2
6198	491.385281385
6199	446.715328467
62	390.695652174
620	484.576923077
6200	456.545454545
6201	471.184931507
6202	476.93129771
6203	445.907563025
6204	474.85
6205	399.0
6206	466.779411765
6207	488.829059829
6208	513.785714286
6209	474.939393939
621	546.467741935
6210	486.306818182
6211	484.355421687
6212	470.653846154
6213	462.41509434
6214	474.744680851
6215	453.814159292
6216	587.0
6217	434.135135135
6218	486.585798817
6219	477.938356164
622	502.227848101
6220	488.76
6221	482.385135135
6222	483.632653061
6223	524.093333333
6224	491.446540881
6225	425.198113208
6226	532.578947368
6227	472.246376812
6228	470.153846154
6229	437.991452991
623	513.75
6230	477.527272727
6231	481.578313253
6232	424.686956522
6233	458.225165563
6234	525.634482759
6235	470.549107143
6236	494.32
6237	443.305555556
6239	492.275641026
624	447.964285714
6240	447.102040816
6241	499.587209302
6242	439.136363636
6243	477.825136612
6244	325.0
6245	493.971428571
6246	490.791666667
6247	474.41509434
6248	475.414634146
6249	479.5
6250	439.679487179
6251	496.130081301
6252	500.414141414
6253	273.6
6254	450.152941176
6255	476.223577236
6256	438.205128205
6257	466.689655172
6259	485.772727273
626	566.230769231
6260	484.963414634
6261	476.655172414
6262	472.888888889
6263	497.245508982
6264	464.340425532
6265	504.691823899
6266	338.428571429
6267	458.898876404
6268	503.159292035
6269	568.142857143
627	440.473684211
6270	454.443478261
6271	454.517241379
6273	502.578947368
6274	442.753731343
6275	518.961538462
6276	441.75
6277	450.23
6278	497.070175439
6279	487.958823529
628	652.083333333
6280	462.314516129
6281	414.077586207
6282	498.028169014
6283	477.704545455
6284	446.818181818
6285	486.171052632
6286	475.210084034
6287	499.088235294
6288	478.68503937
6289	392.324675325
629	450.069767442
6290	445.174242424
6293	507.287958115
6294	490.694444444
6295	499.664556962
6296	427.595041322
6298	467.330357143
6299	476.2
63	424.280898876
6300	484.507462687
6301	451.720430108
6302	416.31
6304	531.8875
6305	444.137614679
6306	428.181818182
6307	492.569230769
6309	469.6
631	767.444444444
6310	543.315789474
6311	517.697368421
6312	482.723163842
6313	480.47715736
6314	497.669724771
6315	501.303797468
6316	484.622857143
6317	469.873786408
6318	459.328125
6319	476.737864078
632	476.223529412
6320	504.524193548
6321	474.012345679
6322	465.15625
6323	456.286713287
6324	474.62244898
6325	460.657894737
6326	475.775
6327	653.714285714
6328	457.789473684
6329	488.1953125
633	498.039215686
6330	456.010152284
6331	451.59375
6333	438.893617021
6334	436.539473684
6335	433.0
6336	468.142857143
6337	499.862068966
6338	520.252525253
6339	493.780821918
634	499.611940299
6340	475.410852713
6341	524.741935484
6342	468.767857143
6343	496.428571429
6344	514.666666667
6345	477.83490566
6346	465.263157895
6347	501.942857143
6348	439.746666667
6349	473.896373057
635	489.321100917
6350	445.5
6351	459.505681818
6352	484.671755725
6353	556.808510638
6354	489.862068966
6355	457.35106383
6356	483.117346939
6357	478.532608696
6358	505.025
6359	439.394736842
6360	461.833333333
6361	441.967391304
6362	478.0
6363	530.904761905
6364	539.363636364
6365	498.280487805
6366	512.507936508
6367	498.980392157
6368	531.368421053
6369	490.032608696
637	379.818181818
6370	470.231481481
6371	506.172413793
6372	446.915384615
6373	484.693877551
6374	472.992805755
6375	512.689393939
6376	503.53125
6377	457.848739496
6379	470.333333333
638	450.636363636
6380	433.085470085
6381	529.631578947
6382	449.382716049
6383	459.364197531
6384	498.647798742
6385	541.909090909
6386	481.152777778
6387	456.696629213
6388	494.08
6389	492.655172414
639	441.913043478
6391	478.486187845
6392	474.323353293
6393	484.822580645
6394	390.75
6395	539.909090909
6396	464.954022989
6397	415.510869565
6398	506.08
6399	496.078014184
64	507.666666667
640	425.173913043
6400	435.401709402
6401	561.714285714
6402	529.75
6403	479.791666667
6404	481.84
6405	474.330097087
6406	493.176470588
6407	447.018867925
6409	462.016393443
641	507.21978022
6410	383.0
6411	351.25
6412	465.8
6414	478.28125
6415	465.41958042
6416	478.927083333
6417	429.042857143
6418	471.842696629
6419	461.289719626
642	431.896551724
6420	472.0375
6421	491.836734694
6422	461.245901639
6423	487.487179487
6424	433.942528736
6425	482.544117647
6426	578.6
6427	508.888888889
6429	486.470588235
643	498.916666667
6430	454.085561497
6431	460.058823529
6432	474.458563536
6433	459.588235294
6434	402.852272727
6435	470.701492537
6436	501.315789474
6437	763.0
6438	483.191489362
6439	500.756578947
6440	503.208333333
6441	548.602409639
6442	465.972972973
6443	471.972789116
6444	428.717391304
6445	482.85106383
6446	439.956896552
6447	387.428571429
6448	453.352201258
6449	483.52
645	497.913043478
6450	497.094339623
6451	478.741935484
6452	467.555555556
6453	574.161290323
6454	471.61682243
6455	518.484536082
6456	455.6
6457	255.0
6458	500.344827586
6459	506.579365079
646	503.282608696
6460	419.12345679
6461	485.493506494
6462	462.322580645
6463	438.45
6464	478.604938272
6465	474.921875
6466	485.08
6467	498.877358491
6468	480.365517241
6469	471.983739837
647	568.75
6470	503.494382022
6471	561.246575342
648	439.528571429
649	437.02020202
65	471.102803738
652	423.942307692
653	443.014492754
654	403.258064516
656	505.625
657	488.638888889
658	503.0
659	508.333333333
66	441.948717949
660	524.575
661	370.0
662	380.4
664	442.319148936
665	351.5
666	467.568965517
667	475.275862069
668	508.942528736
669	422.392156863
67	701.0
670	450.775510204
671	643.0
672	454.120689655
673	459.072
674	472.105263158
676	466.160714286
678	483.094827586
680	531.873239437
681	494.248484848
683	403.75
686	445.644067797
687	532.838709677
688	463.631067961
689	481.341772152
69	494.1875
690	488.719512195
691	450.333333333
692	487.105263158
693	467.640449438
694	545.25
695	417.491803279
696	473.7
697	502.590163934
698	442.065217391
699	456.7625
7	906.0
700	439.769230769
701	448.480519481
702	398.071428571
703	425.82
704	430.931818182
705	495.205128205
706	516.75
707	417.123076923
708	515.910891089
709	451.375
71	507.962264151
710	469.269230769
711	562.517241379
713	459.057692308
717	485.25
718	462.328125
719	521.526315789
720	404.725
721	410.955555556
722	412.5
723	690.5
724	476.102564103
725	455.31884058
726	589.5
727	458.571428571
728	439.666666667
73	462.322222222
730	509.5
731	479.714285714
732	482.948717949
733	457.757575758
735	576.909090909
736	474.780487805
737	494.954198473
738	473.830188679
739	382.842105263
74	464.75862069
740	448.4
741	459.253968254
742	693.5
743	480.592920354
744	522.333333333
745	375.933333333
747	451.076923077
75	556.5
751	495.47761194
753	493.285714286
754	478.483870968
755	489.325581395
756	424.857142857
757	441.84
759	479.944444444
76	418.666666667
760	520.352112676
762	495.660377358
763	496.129310345
764	489.037037037
765	431.878787879
766	481.628099174
767	423.444444444
768	171.0
769	669.142857143
77	590.142857143
771	511.591836735
772	405.523809524
773	485.978021978
774	493.735294118
776	513.6
777	480.266666667
778	487.337837838
779	458.96
78	475.770491803
781	469.075
782	467.510638298
783	463.471428571
784	513.785714286
786	473.036144578
788	487.360465116
789	457.444444444
79	459.649350649
790	450.630434783
791	479.740740741
792	514.058823529
793	466.5
794	450.85
795	420.770833333
797	482.661290323
799	370.681818182
8	466.583333333
80	351.4
800	526.507462687
802	491.758064516
803	457.5
804	944.0
805	502.306122449
806	511.666666667
808	469.458333333
809	481.554216867
81	493.172413793
810	493.230769231
811	456.270833333
812	817.0
813	488.103448276
814	466.097222222
815	444.130718954
816	455.1
819	535.56
820	441.631578947
822	519.6
823	500.786259542
824	425.660714286
825	436.58
826	641.5
827	478.186440678
829	468.37254902
83	491.805084746
830	435.061538462
831	682.0
832	459.382352941
833	444.944444444
835	486.563636364
836	441.431372549
837	475.085365854
838	441.034482759
839	480.506944444
84	478.315789474
840	465.203389831
841	515.25
843	482.825
844	512.6
845	443.133333333
846	486.619047619
847	516.0
848	490.857142857
849	276.666666667
85	486.813953488
850	512.904761905
851	474.719298246
855	593.6
856	462.974683544
857	468.876923077
859	507.097560976
86	418.379310345
860	439.621621622
861	516.571428571
862	554.348837209
863	474.230769231
864	458.44
865	476.866666667
866	436.016129032
868	470.152941176
869	475.38150289
87	488.873684211
871	767.0
872	526.462962963
873	399.947368421
874	496.318181818
875	529.904109589
876	500.166666667
877	452.231884058
878	493.12
879	458.625
88	464.301886792
880	488.285714286
884	453.128571429
885	561.2
886	439.924528302
887	497.5
888	481.112359551
889	393.393939394
89	688.2
890	458.282051282
891	434.018518519
892	481.774193548
893	463.324324324
895	489.6
898	330.0
90	659.0
900	463.414141414
902	471.641509434
903	529.416666667
904	486.4375
905	471.357142857
907	470.613636364
908	502.769230769
91	355.95
910	495.854166667
912	612.0
913	544.223880597
924	544.705882353
925	481.724637681
926	556.0
927	502.060240964
928	450.949152542
929	330.0
93	489.4
930	491.23943662
931	459.820512821
933	448.626666667
934	480.319148936
935	440.169811321
937	371.545454545
938	386.333333333
939	463.238095238
940	456.523809524
941	403.06741573
942	493.615384615
943	502.426900585
944	561.473684211
945	412.0
946	481.675
947	459.719298246
948	432.524590164
949	464.879245283
95	438.033898305
950	568.05
951	601.625
952	746.0
953	484.089285714
954	423.302325581
955	366.0
956	476.166666667
957	510.105263158
958	502.0
96	458.666666667
960	594.0
961	483.604651163
962	506.701492537
965	451.669642857
966	478.75
967	508.526315789
97	494.072916667
971	439.086956522
972	497.16
973	418.3
974	461.372881356
975	182.0
976	494.929577465
977	493.5
978	454.871428571
979	447.740740741
98	465.975
980	483.313131313
982	592.857142857
983	401.166666667
985	436.52
988	492.088235294
989	516.983870968
99	501.881578947
990	633.0
991	469.962962963
992	445.529411765
993	504.4
994	519.472527473
995	445.068965517
999	509.947368421
